    501    0.6060606061E-04
    503    0.6060606061E-04
    505    0.6060606061E-04
    507    0.2424242424E-03
    509    0.6060606061E-04
    510    0.3030303030E-03
    511    0.1212121212E-03
    512    0.2424242424E-03
    513    0.3030303030E-03
    514    0.2424242424E-03
    515    0.4242424242E-03
    516    0.7272727273E-03
    517    0.8484848485E-03
    518    0.1272727273E-02
    519    0.9090909091E-03
    520    0.1757575758E-02
    521    0.1757575758E-02
    522    0.1575757576E-02
    523    0.2606060606E-02
    524    0.2606060606E-02
    525    0.2363636364E-02
    526    0.2666666667E-02
    527    0.4545454545E-02
    528    0.5090909091E-02
    529    0.4787878788E-02
    530    0.5272727273E-02
    531    0.4666666667E-02
    532    0.5454545455E-02
    533    0.8060606061E-02
    534    0.6969696970E-02
    535    0.7454545455E-02
    536    0.9454545455E-02
    537    0.1024242424E-01
    538    0.1103030303E-01
    539    0.1133333333E-01
    540    0.1260606061E-01
    541    0.1212121212E-01
    542    0.1236363636E-01
    543    0.1248484848E-01
    544    0.1363636364E-01
    545    0.1430303030E-01
    546    0.1466666667E-01
    547    0.1478787879E-01
    548    0.1545454545E-01
    549    0.1557575758E-01
    550    0.1684848485E-01
    551    0.1569696970E-01
    552    0.1715151515E-01
    553    0.1709090909E-01
    554    0.1909090909E-01
    555    0.1727272727E-01
    556    0.1612121212E-01
    557    0.1854545455E-01
    558    0.1727272727E-01
    559    0.1666666667E-01
    560    0.2048484848E-01
    561    0.1927272727E-01
    562    0.1848484848E-01
    563    0.1915151515E-01
    564    0.1830303030E-01
    565    0.1890909091E-01
    566    0.1709090909E-01
    567    0.1848484848E-01
    568    0.1781818182E-01
    569    0.1878787879E-01
    570    0.1636363636E-01
    571    0.1678787879E-01
    572    0.1533333333E-01
    573    0.1800000000E-01
    574    0.1763636364E-01
    575    0.1709090909E-01
    576    0.1539393939E-01
    577    0.1478787879E-01
    578    0.1539393939E-01
    579    0.1472727273E-01
    580    0.1230303030E-01
    581    0.1212121212E-01
    582    0.1278787879E-01
    583    0.1042424242E-01
    584    0.1048484848E-01
    585    0.1103030303E-01
    586    0.1145454545E-01
    587    0.1048484848E-01
    588    0.9575757576E-02
    589    0.1042424242E-01
    590    0.8545454545E-02
    591    0.8848484848E-02
    592    0.9090909091E-02
    593    0.6848484848E-02
    594    0.8424242424E-02
    595    0.7272727273E-02
    596    0.8242424242E-02
    597    0.6181818182E-02
    598    0.5636363636E-02
    599    0.4666666667E-02
    600    0.5818181818E-02
    601    0.4666666667E-02
    602    0.5212121212E-02
    603    0.4727272727E-02
    604    0.4242424242E-02
    605    0.2969696970E-02
    606    0.3636363636E-02
    607    0.3696969697E-02
    608    0.3515151515E-02
    609    0.3030303030E-02
 610 3.0801703e-03 
 611 3.4544965e-03 
 612 3.1924682e-03 
 613 3.1443405e-03 
 614 3.1871207e-03 
 615 2.8341845e-03 
 616 2.0908795e-03 
 617 2.3582554e-03 
 618 2.5775036e-03 
 619 2.5561135e-03 
 620 1.7593334e-03 
 621 1.7967660e-03 
 622 2.1710923e-03 
 623 1.9090639e-03 
 624 1.9411490e-03 
 625 1.7967660e-03 
 626 1.8555887e-03 
 627 1.9411490e-03 
 628 1.5828653e-03 
 629 1.2513192e-03 
 630 1.5483118e-03 
 631 1.5236484e-03 
 632 1.5811963e-03 
 633 1.5647540e-03 
 634 1.4962447e-03 
 635 1.6140808e-03 
 636 1.8196089e-03 
 637 1.5072062e-03 
 638 1.5839367e-03 
 639 1.5154273e-03 
 640 1.2167264e-03 
 641 1.2276879e-03 
 642 1.5318695e-03 
 643 1.1208133e-03 
 644 1.1016307e-03 
 645 1.2359091e-03 
 646 1.5044658e-03 
 647 6.7413221e-04 
 648 1.0906692e-03 
 649 9.3720820e-04 
 650 8.3705282e-04 
 651 6.3169586e-04 
 652 7.5223147e-04 
 653 7.1205293e-04 
 654 5.7366020e-04 
 655 6.4285656e-04 
 656 5.6249949e-04 
 657 3.8839251e-04 
 658 4.2410676e-04 
 659 3.7276752e-04 
 660 3.2142828e-04 
 661 2.5892834e-04 
 662 3.5044611e-04 
 663 2.6562476e-04 
 664 2.7678547e-04 
 665 3.7053538e-04 
 666 2.9241045e-04 
 667 3.1473186e-04 
 668 2.7901761e-04 
 669 2.7008904e-04 
 670 2.8348189e-04 
 671 2.2098194e-04 
 672 1.9196411e-04 
 673 2.9687473e-04 
 674 3.2142828e-04 
 675 2.0758910e-04 
 676 1.4285701e-04 
 677 1.8303555e-04 
 678 1.8749983e-04 
 679 1.2723203e-04 
 680 1.9642839e-04 
 681 1.1830346e-04 
 682 1.5178558e-04 
 683 1.2053561e-04 
 684 1.5178558e-04 
 685 1.3392845e-04 
 686 1.9196411e-04 
 687 1.8303555e-04 
 688 1.0491062e-04 
 689 1.7410699e-04 
 690 2.0758910e-04 
 691 1.3169631e-04 
 692 3.0133901e-04 
 693 2.1874980e-04 
 694 1.8303555e-04 
 695 2.2321408e-04 
 696 1.9196411e-04 
 697 1.6741056e-04 
 698 1.9196411e-04 
 699 1.9866054e-04 
 700 1.6071414e-04 
 701 1.6517842e-04 
 702 1.2946417e-04 
 703 1.4285701e-04 
 704 1.5848200e-04 
 705 1.8526769e-04 
 706 1.6294628e-04 
 707 1.2499989e-04 
 708 1.2499989e-04 
 709 1.8973197e-04 
 710 2.0982124e-04 
 711 2.1205338e-04 
 712 1.3616059e-04 
 713 2.0089268e-04 
 714 1.8080341e-04 
 715 5.5580307e-04 
 716 9.1294561e-04 
 717 4.7767814e-04 
 718 6.2499944e-04 
 719 1.0513383e-03 
 720 1.3325881e-03 
 721 8.9062420e-04 
 722 8.0580285e-04 
 723 1.0647312e-03 
 724 4.2857104e-04 
 710 7.4866688e-04 
 711 6.1254563e-04 
 712 7.2598000e-04 
 713 9.0747501e-04 
 714 6.8060625e-04 
 715 5.8985875e-04 
 716 5.2179813e-04 
 717 9.3016188e-04 
 718 6.1254563e-04 
 719 8.8478813e-04 
 720 7.0329313e-04 
 721 9.0747501e-04 
 722 6.5791938e-04 
 723 7.2598000e-04 
 724 5.6717188e-04 
 725 8.6210126e-04 
 726 8.3941438e-04 
 727 6.5791938e-04 
 728 6.1254563e-04 
 729 1.0889700e-03 
 730 7.7135376e-04 
 731 7.0329313e-04 
 732 8.6210126e-04 
 733 9.9822251e-04 
 734 1.3385256e-03 
 735 1.4973338e-03 
 736 1.3385256e-03 
 737 1.0662831e-03 
 738 9.5284876e-04 
 739 1.2704650e-03 
 740 1.2477781e-03 
 741 1.4519600e-03 
 742 9.9822251e-04 
 743 9.9822251e-04 
 744 1.1116569e-03 
 745 1.2477781e-03 
 746 1.3385256e-03 
 747 1.5880813e-03 
 748 1.4292731e-03 
 749 1.6334550e-03 
 750 1.4065863e-03 
 751 1.4065863e-03 
 752 1.2704650e-03 
 753 1.1570306e-03 
 754 1.0889700e-03 
 755 1.3385256e-03 
 756 1.6107681e-03 
 757 1.6107681e-03 
 758 1.4065863e-03 
 759 1.6561419e-03 
 760 1.8830106e-03 
 761 2.3594350e-03 
 762 1.7922631e-03 
 763 2.1552531e-03 
 764 1.8603238e-03 
 765 2.1098794e-03 
 766 1.8149500e-03 
 767 1.9737581e-03 
 768 2.3367481e-03 
 769 2.0191319e-03 
 770 2.1325663e-03 
 771 2.4501825e-03 
 772 2.2233138e-03 
 773 2.0418188e-03 
 774 2.4048088e-03 
 775 2.6543644e-03 
 776 2.4274956e-03 
 777 2.6543644e-03 
 778 2.4048088e-03 
 779 2.4274956e-03 
 780 2.9039200e-03 
 781 3.0854150e-03 
 782 3.3803444e-03 
 783 3.0400413e-03 
 784 3.5391525e-03 
 785 3.6299000e-03 
 786 2.7677988e-03 
 787 3.4030313e-03 
 788 3.6072131e-03 
 789 3.4484050e-03 
 790 4.1743850e-03 
 791 3.6299000e-03 
 792 4.2197588e-03 
 793 3.6525869e-03 
 794 4.2651325e-03 
 795 4.4693144e-03 
 796 3.9248294e-03 
 797 3.6072131e-03 
 798 4.1743850e-03 
 799 4.5146882e-03 
 800 4.7642438e-03 
 801 4.1743850e-03 
 802 4.3331932e-03 
 803 4.7642438e-03 
 804 5.0591732e-03 
 805 4.7188700e-03 
 806 5.8305269e-03 
 807 4.9230519e-03 
 808 5.6944057e-03 
 809 5.3314157e-03 
 810 4.1743850e-03 
 811 5.0364863e-03 
 812 4.3105063e-03 
 813 4.7188700e-03 
 814 5.0591732e-03 
 815 4.8096175e-03 
 816 4.7642438e-03 
 817 4.9911125e-03 
 818 4.6734963e-03 
 819 4.6734963e-03 
 820 4.0609507e-03 
 821 4.0382638e-03 
 822 4.3331932e-03 
 823 3.8113950e-03 
 824 4.3331932e-03 
 825 4.6961832e-03 
 826 4.3331932e-03 
 827 4.6508094e-03 
 828 3.9021425e-03 
 829 3.3122838e-03 
 830 3.7433344e-03 
 831 3.3349706e-03 
 832 2.9946675e-03 
 833 3.0854150e-03 
 834 2.5409300e-03 
 835 2.4501825e-03 
 836 2.6316775e-03 
 837 2.8812331e-03 
 838 1.9964450e-03 
 839 2.7904856e-03 
 840 2.2233138e-03 
 841 2.1552531e-03 
 842 1.7468894e-03 
 843 1.7015156e-03 
 844 1.7695763e-03 
 845 1.6334550e-03 
 846 1.6107681e-03 
 847 1.4973338e-03 
 848 1.5880813e-03 
 849 1.0662831e-03 
 850 1.0662831e-03 
 851 1.0889700e-03 
 852 1.2477781e-03 
 853 1.2704650e-03 
 854 1.0662831e-03 
 855 7.9404063e-04 
 856 1.1116569e-03 
 857 1.1116569e-03 
 858 6.8060625e-04 
 859 4.9911125e-04 
 860 6.1254563e-04 
 861 2.0418188e-04 
 862 2.7224250e-04 
 863 4.5373750e-04 
 864 3.4030313e-04 
 865 9.0747501e-05 
 866 1.3612125e-04 
 867 2.4955563e-04 
 868 6.8060625e-05 
 870 9.0747501e-05 
 871 2.2686875e-05 
 872 2.2686875e-05 
 873 2.2686875e-05 
 874 2.2686875e-05 
