   0.0000000000000000E+000  0.0000000000000000E+000
    1.272462048309373       0.0000000000000000E+000
  -0.7634223599064136        1.245635685306901     
   -2.474103669047846        1.691506918215078     
   -1.574282990299910       9.9654860834321610E-002
   -1.004300820572314       -2.826739086822280     
  -0.7748508613473309       -1.590454341915711     
   0.5379889379986752       -1.979836569260682     
   -1.486366389898203        2.515517644005715     
   -2.622866044335523      -0.8253930301630360     
    2.831252469526363       0.5484982948234171     
    1.465385854303600       -2.617466446744009     
    2.389079217820740      -0.5023141220232381     
    1.658211197186491       -1.386760912486546     
   0.2998307674121101        2.534976277653342     
