    0.5000000000E-02    0.0000000000E+00
    0.1000000000E-01    0.0000000000E+00
    0.1500000000E-01    0.0000000000E+00
    0.2000000000E-01    0.0000000000E+00
    0.2500000000E-01    0.0000000000E+00
    0.3000000000E-01    0.0000000000E+00
    0.3500000000E-01    0.0000000000E+00
    0.4000000000E-01    0.0000000000E+00
    0.4500000000E-01    0.0000000000E+00
    0.5000000000E-01    0.0000000000E+00
    0.5500000000E-01    0.0000000000E+00
    0.6000000000E-01    0.1200599099E-04
    0.6500000000E-01    0.2701347973E-04
    0.7000000000E-01    0.1170584121E-03
    0.7500000000E-01    0.2251123311E-03
    0.8000000000E-01    0.4382186711E-03
    0.8500000000E-01    0.7593789301E-03
    0.9000000000E-01    0.1185591610E-02
    0.9500000000E-01    0.1845921115E-02
    0.1000000000E+00    0.2500247624E-02
    0.1050000000E+00    0.3322658006E-02
    0.1100000000E+00    0.4427209177E-02
    0.1150000000E+00    0.5570779819E-02
    0.1200000000E+00    0.6804395393E-02
    0.1250000000E+00    0.8242112814E-02
    0.1300000000E+00    0.9736858692E-02
    0.1350000000E+00    0.1140569144E-01
    0.1400000000E+00    0.1326962154E-01
    0.1450000000E+00    0.1540368644E-01
    0.1500000000E+00    0.1746871689E-01
    0.1550000000E+00    0.1959077580E-01
    0.1600000000E+00    0.2188091858E-01
    0.1650000000E+00    0.2418606885E-01
    0.1700000000E+00    0.2658726705E-01
    0.1750000000E+00    0.2892543379E-01
    0.1800000000E+00    0.3134464098E-01
    0.1850000000E+00    0.3397995600E-01
    0.1900000000E+00    0.3648320512E-01
    0.1950000000E+00    0.3916954560E-01
    0.2000000000E+00    0.4188590106E-01
    0.2050000000E+00    0.4453622358E-01
    0.2100000000E+00    0.4748069287E-01
    0.2150000000E+00    0.5017303635E-01
    0.2200000000E+00    0.5280835137E-01
    0.2250000000E+00    0.5566277573E-01
    0.2300000000E+00    0.5847517911E-01
    0.2350000000E+00    0.6149768735E-01
    0.2400000000E+00    0.6439713417E-01
    0.2450000000E+00    0.6730558549E-01
    0.2500000000E+00    0.7023804879E-01
    0.2550000000E+00    0.7308947165E-01
    0.2600000000E+00    0.7610297538E-01
    0.2650000000E+00    0.7909847014E-01
    0.2700000000E+00    0.8215699634E-01
    0.2750000000E+00    0.8509246114E-01
    0.2800000000E+00    0.8819600981E-01
    0.2850000000E+00    0.9114948359E-01
    0.2900000000E+00    0.9420800980E-01
    0.2950000000E+00    0.9717949257E-01
    0.3000000000E+00    0.9997988997E-01
    0.3050000000E+00    0.1028373158E+00
    0.3100000000E+00    0.1056076982E+00
    0.3150000000E+00    0.1082159998E+00
    0.3200000000E+00    0.1108032908E+00
    0.3250000000E+00    0.1132014875E+00
    0.3300000000E+00    0.1155546618E+00
    0.3350000000E+00    0.1177217431E+00
    0.3400000000E+00    0.1198227916E+00
    0.3450000000E+00    0.1217107337E+00
    0.3500000000E+00    0.1232024780E+00
    0.3550000000E+00    0.1249523512E+00
    0.3600000000E+00    0.1264020746E+00
    0.3650000000E+00    0.1278277861E+00
    0.3700000000E+00    0.1288663043E+00
    0.3750000000E+00    0.1297577491E+00
    0.3800000000E+00    0.1307302344E+00
    0.3850000000E+00    0.1312885130E+00
    0.3900000000E+00    0.1317957661E+00
    0.3950000000E+00    0.1322760057E+00
    0.4000000000E+00    0.1326181765E+00
    0.4050000000E+00    0.1328012678E+00
    0.4100000000E+00    0.1328973158E+00
    0.4150000000E+00    0.1328222783E+00
    0.4200000000E+00    0.1325641495E+00
    0.4250000000E+00    0.1324170761E+00
    0.4300000000E+00    0.1318137751E+00
    0.4350000000E+00    0.1314415894E+00
    0.4400000000E+00    0.1307392389E+00
    0.4450000000E+00    0.1300038719E+00
    0.4500000000E+00    0.1294275844E+00
    0.4550000000E+00    0.1287372399E+00
    0.4600000000E+00    0.1278998220E+00
    0.4650000000E+00    0.1270383922E+00
    0.4700000000E+00    0.1262009743E+00
    0.4750000000E+00    0.1253185339E+00
    0.4800000000E+00    0.1245591550E+00
    0.4850000000E+00    0.1235836683E+00
    0.4900000000E+00    0.1223500527E+00
    0.4950000000E+00    0.1213925749E+00
    0.5000000000E+00    0.1205161376E+00
    0.5050000000E+00    0.1195706658E+00
    0.5100000000E+00    0.1187632629E+00
    0.5150000000E+00    0.1177637641E+00
    0.5200000000E+00    0.1167492579E+00
    0.5250000000E+00    0.1159658670E+00
    0.5300000000E+00    0.1152965330E+00
    0.5350000000E+00    0.1143780747E+00
    0.5400000000E+00    0.1136547137E+00
    0.5450000000E+00    0.1128142943E+00
    0.5500000000E+00    0.1120038899E+00
    0.5550000000E+00    0.1111304541E+00
    0.5600000000E+00    0.1104461126E+00
    0.5650000000E+00    0.1097827816E+00
    0.5700000000E+00    0.1093385599E+00
    0.5750000000E+00    0.1085101466E+00
    0.5800000000E+00    0.1078948395E+00
    0.5850000000E+00    0.1073815834E+00
    0.5900000000E+00    0.1070244052E+00
    0.5950000000E+00    0.1065561715E+00
    0.6000000000E+00    0.1060369124E+00
    0.6050000000E+00    0.1056797342E+00
    0.6100000000E+00    0.1056137012E+00
    0.6150000000E+00    0.1053735814E+00
    0.6200000000E+00    0.1053555724E+00
    0.6250000000E+00    0.1053075485E+00
    0.6300000000E+00    0.1053675784E+00
    0.6350000000E+00    0.1055206548E+00
    0.6400000000E+00    0.1056137012E+00
    0.6450000000E+00    0.1057187537E+00
    0.6500000000E+00    0.1058298091E+00
    0.6550000000E+00    0.1062590233E+00
    0.6600000000E+00    0.1066972419E+00
    0.6650000000E+00    0.1070754306E+00
    0.6700000000E+00    0.1075646748E+00
    0.6750000000E+00    0.1080719279E+00
    0.6800000000E+00    0.1085851840E+00
    0.6850000000E+00    0.1092365090E+00
    0.6900000000E+00    0.1098308056E+00
    0.6950000000E+00    0.1105661725E+00
    0.7000000000E+00    0.1111424601E+00
    0.7050000000E+00    0.1118598180E+00
    0.7100000000E+00    0.1125831790E+00
    0.7150000000E+00    0.1133575654E+00
    0.7200000000E+00    0.1141769743E+00
    0.7250000000E+00    0.1148973338E+00
    0.7300000000E+00    0.1159898789E+00
    0.7350000000E+00    0.1168963313E+00
    0.7400000000E+00    0.1177667656E+00
    0.7450000000E+00    0.1186642134E+00
    0.7500000000E+00    0.1194926268E+00
    0.7550000000E+00    0.1202850222E+00
    0.7600000000E+00    0.1212845210E+00
    0.7650000000E+00    0.1222690122E+00
    0.7700000000E+00    0.1231694616E+00
    0.7750000000E+00    0.1240428974E+00
    0.7800000000E+00    0.1251084291E+00
    0.7850000000E+00    0.1261409443E+00
    0.7900000000E+00    0.1270233847E+00
    0.7950000000E+00    0.1279118280E+00
    0.8000000000E+00    0.1286802114E+00
    0.8050000000E+00    0.1294876143E+00
    0.8100000000E+00    0.1303250322E+00
    0.8150000000E+00    0.1311834605E+00
    0.8200000000E+00    0.1320809084E+00
    0.8250000000E+00    0.1329933637E+00
    0.8300000000E+00    0.1340528924E+00
    0.8350000000E+00    0.1347792548E+00
    0.8400000000E+00    0.1357637461E+00
    0.8450000000E+00    0.1366701984E+00
    0.8500000000E+00    0.1374355804E+00
    0.8550000000E+00    0.1383330282E+00
    0.8600000000E+00    0.1391434326E+00
    0.8650000000E+00    0.1400318759E+00
    0.8700000000E+00    0.1409203192E+00
    0.8750000000E+00    0.1417607386E+00
    0.8800000000E+00    0.1425141145E+00
    0.8850000000E+00    0.1432044590E+00
    0.8900000000E+00    0.1442279698E+00
    0.8950000000E+00    0.1451944520E+00
    0.9000000000E+00    0.1461279178E+00
    0.9050000000E+00    0.1470913986E+00
    0.9100000000E+00    0.1479558300E+00
    0.9150000000E+00    0.1488232628E+00
    0.9200000000E+00    0.1498347675E+00
    0.9250000000E+00    0.1506991989E+00
    0.9300000000E+00    0.1514495733E+00
    0.9350000000E+00    0.1523080017E+00
    0.9400000000E+00    0.1531604271E+00
    0.9450000000E+00    0.1540068494E+00
    0.9500000000E+00    0.1549613257E+00
    0.9550000000E+00    0.1558437660E+00
    0.9600000000E+00    0.1565851360E+00
    0.9650000000E+00    0.1575456153E+00
    0.9700000000E+00    0.1584670751E+00
    0.9750000000E+00    0.1593195004E+00
    0.9800000000E+00    0.1600548674E+00
    0.9850000000E+00    0.1609523152E+00
    0.9900000000E+00    0.1615556163E+00
    0.9950000000E+00    0.1624590671E+00
    0.1000000000E+01    0.1633445089E+00
    0.1005000000E+01    0.1642209463E+00
    0.1010000000E+01    0.1650763731E+00
    0.1015000000E+01    0.1658327505E+00
    0.1020000000E+01    0.1666701684E+00
    0.1025000000E+01    0.1676486567E+00
    0.1030000000E+01    0.1684020326E+00
    0.1035000000E+01    0.1690833726E+00
    0.1040000000E+01    0.1699357980E+00
    0.1045000000E+01    0.1706711649E+00
    0.1050000000E+01    0.1712834705E+00
    0.1055000000E+01    0.1721989273E+00
    0.1060000000E+01    0.1728112328E+00
    0.1065000000E+01    0.1735496013E+00
    0.1070000000E+01    0.1742039278E+00
    0.1075000000E+01    0.1747742123E+00
    0.1080000000E+01    0.1752904699E+00
    0.1085000000E+01    0.1759958219E+00
    0.1090000000E+01    0.1767672068E+00
    0.1095000000E+01    0.1775295873E+00
    0.1100000000E+01    0.1782169302E+00
    0.1105000000E+01    0.1788982702E+00
    0.1110000000E+01    0.1794595503E+00
    0.1115000000E+01    0.1802429412E+00
    0.1120000000E+01    0.1807922153E+00
    0.1125000000E+01    0.1815786077E+00
    0.1130000000E+01    0.1823109732E+00
    0.1135000000E+01    0.1831063701E+00
    0.1140000000E+01    0.1836706517E+00
    0.1145000000E+01    0.1843639976E+00
    0.1150000000E+01    0.1849312807E+00
    0.1155000000E+01    0.1853664979E+00
    0.1160000000E+01    0.1859637959E+00
    0.1165000000E+01    0.1867651958E+00
    0.1170000000E+01    0.1875575912E+00
    0.1175000000E+01    0.1879087665E+00
    0.1180000000E+01    0.1884370301E+00
    0.1185000000E+01    0.1889893057E+00
    0.1190000000E+01    0.1892444330E+00
    0.1195000000E+01    0.1896856531E+00
    0.1200000000E+01    0.1901538868E+00
    0.1205000000E+01    0.1905891040E+00
    0.1210000000E+01    0.1910633406E+00
    0.1215000000E+01    0.1915045608E+00
    0.1220000000E+01    0.1919157660E+00
    0.1225000000E+01    0.1920808483E+00
    0.1230000000E+01    0.1922939547E+00
    0.1235000000E+01    0.1926991569E+00
    0.1240000000E+01    0.1932004070E+00
    0.1245000000E+01    0.1936896511E+00
    0.1250000000E+01    0.1939567844E+00
    0.1255000000E+01    0.1942869492E+00
    0.1260000000E+01    0.1943829971E+00
    0.1265000000E+01    0.1947641873E+00
    0.1270000000E+01    0.1951813955E+00
    0.1275000000E+01    0.1956766426E+00
    0.1280000000E+01    0.1960878478E+00
    0.1285000000E+01    0.1963819946E+00
    0.1290000000E+01    0.1967541803E+00
    0.1295000000E+01    0.1971623840E+00
    0.1300000000E+01    0.1978227135E+00
    0.1305000000E+01    0.1980238139E+00
    0.1310000000E+01    0.1985280655E+00
    0.1315000000E+01    0.1991763890E+00
    0.1320000000E+01    0.1995215613E+00
    0.1325000000E+01    0.1999897949E+00
    0.1330000000E+01    0.2004400196E+00
    0.1335000000E+01    0.2007881933E+00
    0.1340000000E+01    0.2012294135E+00
    0.1345000000E+01    0.2019707834E+00
    0.1350000000E+01    0.2025230590E+00
    0.1355000000E+01    0.2030153046E+00
    0.1360000000E+01    0.2035105518E+00
    0.1365000000E+01    0.2041288603E+00
    0.1370000000E+01    0.2046421164E+00
    0.1375000000E+01    0.2051073486E+00
    0.1380000000E+01    0.2056296092E+00
    0.1385000000E+01    0.2060798338E+00
    0.1390000000E+01    0.2065960914E+00
    0.1395000000E+01    0.2071753805E+00
    0.1400000000E+01    0.2077006426E+00
    0.1405000000E+01    0.2082949392E+00
    0.1410000000E+01    0.2087421623E+00
    0.1415000000E+01    0.2094535173E+00
    0.1420000000E+01    0.2100448124E+00
    0.1425000000E+01    0.2109002392E+00
    0.1430000000E+01    0.2114375073E+00
    0.1435000000E+01    0.2118607185E+00
    0.1440000000E+01    0.2122689222E+00
    0.1445000000E+01    0.2129622682E+00
    0.1450000000E+01    0.2135385557E+00
    0.1455000000E+01    0.2141808763E+00
    0.1460000000E+01    0.2148111908E+00
    0.1465000000E+01    0.2154204948E+00
    0.1470000000E+01    0.2161228453E+00
    0.1475000000E+01    0.2167651658E+00
    0.1480000000E+01    0.2175215433E+00
    0.1485000000E+01    0.2182959297E+00
    0.1490000000E+01    0.2189532577E+00
    0.1495000000E+01    0.2195595602E+00
    0.1500000000E+01    0.2202709152E+00
    0.1505000000E+01    0.2208411998E+00
    0.1510000000E+01    0.2215645607E+00
    0.1515000000E+01    0.2221288423E+00
    0.1520000000E+01    0.2229392467E+00
    0.1525000000E+01    0.2236716121E+00
    0.1530000000E+01    0.2242899207E+00
    0.1535000000E+01    0.2249742622E+00
    0.1540000000E+01    0.2254815153E+00
    0.1545000000E+01    0.2262138807E+00
    0.1550000000E+01    0.2269792627E+00
    0.1555000000E+01    0.2274685068E+00
    0.1560000000E+01    0.2281918677E+00
    0.1565000000E+01    0.2288822122E+00
    0.1570000000E+01    0.2295515462E+00
    0.1575000000E+01    0.2302448922E+00
    0.1580000000E+01    0.2309352367E+00
    0.1585000000E+01    0.2316105737E+00
    0.1590000000E+01    0.2321598478E+00
    0.1595000000E+01    0.2328021683E+00
    0.1600000000E+01    0.2332764049E+00
    0.1605000000E+01    0.2338046685E+00
    0.1610000000E+01    0.2342699007E+00
    0.1615000000E+01    0.2348131718E+00
    0.1620000000E+01    0.2353414354E+00
    0.1625000000E+01    0.2358546915E+00
    0.1630000000E+01    0.2364940105E+00
    0.1635000000E+01    0.2371033146E+00
    0.1640000000E+01    0.2374935093E+00
    0.1645000000E+01    0.2380637938E+00
    0.1650000000E+01    0.2387271248E+00
    0.1655000000E+01    0.2393934573E+00
    0.1660000000E+01    0.2401078138E+00
    0.1665000000E+01    0.2404769980E+00
    0.1670000000E+01    0.2409452317E+00
    0.1675000000E+01    0.2416836001E+00
    0.1680000000E+01    0.2423349251E+00
    0.1685000000E+01    0.2429502322E+00
    0.1690000000E+01    0.2437036081E+00
    0.1695000000E+01    0.2442558837E+00
    0.1700000000E+01    0.2449282192E+00
    0.1705000000E+01    0.2455495292E+00
    0.1710000000E+01    0.2462188632E+00
    0.1715000000E+01    0.2467471268E+00
    0.1720000000E+01    0.2472994024E+00
    0.1725000000E+01    0.2478216630E+00
    0.1730000000E+01    0.2483139086E+00
    0.1735000000E+01    0.2487941483E+00
    0.1740000000E+01    0.2492533774E+00
    0.1745000000E+01    0.2498896950E+00
    0.1750000000E+01    0.2506280634E+00
    0.1755000000E+01    0.2512823899E+00
    0.1760000000E+01    0.2518136550E+00
    0.1765000000E+01    0.2524949950E+00
    0.1770000000E+01    0.2531853395E+00
    0.1775000000E+01    0.2537826375E+00
    0.1780000000E+01    0.2544639775E+00
    0.1785000000E+01    0.2550282591E+00
    0.1790000000E+01    0.2557426156E+00
    0.1795000000E+01    0.2563459166E+00
    0.1800000000E+01    0.2570662761E+00
    0.1805000000E+01    0.2578016430E+00
    0.1810000000E+01    0.2584199516E+00
    0.1815000000E+01    0.2590562691E+00
    0.1820000000E+01    0.2595695252E+00
    0.1825000000E+01    0.2602358577E+00
    0.1830000000E+01    0.2608481632E+00
    0.1835000000E+01    0.2615265017E+00
    0.1840000000E+01    0.2621388073E+00
    0.1845000000E+01    0.2627721233E+00
    0.1850000000E+01    0.2634564648E+00
    0.1855000000E+01    0.2640447583E+00
    0.1860000000E+01    0.2647140923E+00
    0.1865000000E+01    0.2653804248E+00
    0.1870000000E+01    0.2661368023E+00
    0.1875000000E+01    0.2668721692E+00
    0.1880000000E+01    0.2674964807E+00
    0.1885000000E+01    0.2680397518E+00
    0.1890000000E+01    0.2686340484E+00
    0.1895000000E+01    0.2693544078E+00
    0.1900000000E+01    0.2700927763E+00
    0.1905000000E+01    0.2706510549E+00
    0.1910000000E+01    0.2714044308E+00
    0.1915000000E+01    0.2720437498E+00
    0.1920000000E+01    0.2727671108E+00
    0.1925000000E+01    0.2733463999E+00
    0.1930000000E+01    0.2740247383E+00
    0.1935000000E+01    0.2748021263E+00
    0.1940000000E+01    0.2757115801E+00
    0.1945000000E+01    0.2763959216E+00
    0.1950000000E+01    0.2771162810E+00
    0.1955000000E+01    0.2777465956E+00
    0.1960000000E+01    0.2787761093E+00
    0.1965000000E+01    0.2794334373E+00
    0.1970000000E+01    0.2798926664E+00
    0.1975000000E+01    0.2804089241E+00
    0.1980000000E+01    0.2814114243E+00
    0.1985000000E+01    0.2820687523E+00
    0.1990000000E+01    0.2828431387E+00
    0.1995000000E+01    0.2834974652E+00
    0.2000000000E+01    0.2841998157E+00
    0.2005000000E+01    0.2846500404E+00
    0.2010000000E+01    0.2852353324E+00
    0.2015000000E+01    0.2858686485E+00
    0.2020000000E+01    0.2864839555E+00
    0.2025000000E+01    0.2870932595E+00
    0.2030000000E+01    0.2877295771E+00
    0.2035000000E+01    0.2884289260E+00
    0.2040000000E+01    0.2892153184E+00
    0.2045000000E+01    0.2898696450E+00
    0.2050000000E+01    0.2904549370E+00
    0.2055000000E+01    0.2911452815E+00
    0.2060000000E+01    0.2918026095E+00
    0.2065000000E+01    0.2922648402E+00
    0.2070000000E+01    0.2930152146E+00
    0.2075000000E+01    0.2936965546E+00
    0.2080000000E+01    0.2943899006E+00
    0.2085000000E+01    0.2950262181E+00
    0.2090000000E+01    0.2954944517E+00
    0.2095000000E+01    0.2960917498E+00
    0.2100000000E+01    0.2966980523E+00
    0.2105000000E+01    0.2974184118E+00
    0.2110000000E+01    0.2980097068E+00
    0.2115000000E+01    0.2984599315E+00
    0.2120000000E+01    0.2991082550E+00
    0.2125000000E+01    0.2996335171E+00
    0.2130000000E+01    0.3000807403E+00
    0.2135000000E+01    0.3005099545E+00
    0.2140000000E+01    0.3010802390E+00
    0.2145000000E+01    0.3017375670E+00
    0.2150000000E+01    0.3025269610E+00
    0.2155000000E+01    0.3032953444E+00
    0.2160000000E+01    0.3038146035E+00
    0.2165000000E+01    0.3043458686E+00
    0.2170000000E+01    0.3048441172E+00
    0.2175000000E+01    0.3054924407E+00
    0.2180000000E+01    0.3060807343E+00
    0.2185000000E+01    0.3065879874E+00
    0.2190000000E+01    0.3072333094E+00
    0.2195000000E+01    0.3076715281E+00
    0.2200000000E+01    0.3081277558E+00
    0.2205000000E+01    0.3088301062E+00
    0.2210000000E+01    0.3092983399E+00
    0.2215000000E+01    0.3099106454E+00
    0.2220000000E+01    0.3104869330E+00
    0.2225000000E+01    0.3111682730E+00
    0.2230000000E+01    0.3117685725E+00
    0.2235000000E+01    0.3124048900E+00
    0.2240000000E+01    0.3128311027E+00
    0.2245000000E+01    0.3134163948E+00
    0.2250000000E+01    0.3140617168E+00
    0.2255000000E+01    0.3148931317E+00
    0.2260000000E+01    0.3156345016E+00
    0.2265000000E+01    0.3162498087E+00
    0.2270000000E+01    0.3167180423E+00
    0.2275000000E+01    0.3173513583E+00
    0.2280000000E+01    0.3178406025E+00
    0.2285000000E+01    0.3183478556E+00
    0.2290000000E+01    0.3188491057E+00
    0.2295000000E+01    0.3195484547E+00
    0.2300000000E+01    0.3201757677E+00
    0.2305000000E+01    0.3207940762E+00
    0.2310000000E+01    0.3212713144E+00
    0.2315000000E+01    0.3218385975E+00
    0.2320000000E+01    0.3223218386E+00
    0.2325000000E+01    0.3229581561E+00
    0.2330000000E+01    0.3237595560E+00
    0.2335000000E+01    0.3244529020E+00
    0.2340000000E+01    0.3251972734E+00
    0.2345000000E+01    0.3259956718E+00
    0.2350000000E+01    0.3264939205E+00
    0.2355000000E+01    0.3271842649E+00
    0.2360000000E+01    0.3277305375E+00
    0.2365000000E+01    0.3284358895E+00
    0.2370000000E+01    0.3292342879E+00
    0.2375000000E+01    0.3298886144E+00
    0.2380000000E+01    0.3307140263E+00
    0.2385000000E+01    0.3314223798E+00
    0.2390000000E+01    0.3319806583E+00
    0.2395000000E+01    0.3325419384E+00
    0.2400000000E+01    0.3332352844E+00
    0.2405000000E+01    0.3339016169E+00
    0.2410000000E+01    0.3345619464E+00
    0.2415000000E+01    0.3352913104E+00
    0.2420000000E+01    0.3359756519E+00
    0.2425000000E+01    0.3367140203E+00
    0.2430000000E+01    0.3373293273E+00
    0.2435000000E+01    0.3379206224E+00
    0.2440000000E+01    0.3383168201E+00
    0.2445000000E+01    0.3389111166E+00
    0.2450000000E+01    0.3396885046E+00
    0.2455000000E+01    0.3401777487E+00
    0.2460000000E+01    0.3408080632E+00
    0.2465000000E+01    0.3414593882E+00
    0.2470000000E+01    0.3421227192E+00
    0.2475000000E+01    0.3428400772E+00
    0.2480000000E+01    0.3434013573E+00
    0.2485000000E+01    0.3439986553E+00
    0.2490000000E+01    0.3445179144E+00
    0.2495000000E+01    0.3450401750E+00
    0.2500000000E+01    0.3455834461E+00
    0.2505000000E+01    0.3461537307E+00
    0.2510000000E+01    0.3468200632E+00
    0.2515000000E+01    0.3474323688E+00
    0.2520000000E+01    0.3479126084E+00
    0.2525000000E+01    0.3483718375E+00
    0.2530000000E+01    0.3486749888E+00
    0.2535000000E+01    0.3493893453E+00
    0.2540000000E+01    0.3502327662E+00
    0.2545000000E+01    0.3506319654E+00
    0.2550000000E+01    0.3513523248E+00
    0.2555000000E+01    0.3517245105E+00
    0.2560000000E+01    0.3522167562E+00
    0.2565000000E+01    0.3526249599E+00
    0.2570000000E+01    0.3531082010E+00
    0.2575000000E+01    0.3537625275E+00
    0.2580000000E+01    0.3544648780E+00
    0.2585000000E+01    0.3551041970E+00
    0.2590000000E+01    0.3556234561E+00
    0.2595000000E+01    0.3560016448E+00
    0.2600000000E+01    0.3565449159E+00
    0.2605000000E+01    0.3569831346E+00
    0.2610000000E+01    0.3574423637E+00
    0.2615000000E+01    0.3580756798E+00
    0.2620000000E+01    0.3586909868E+00
    0.2625000000E+01    0.3591982399E+00
    0.2630000000E+01    0.3599576189E+00
    0.2635000000E+01    0.3605669229E+00
    0.2640000000E+01    0.3611582180E+00
    0.2645000000E+01    0.3616444606E+00
    0.2650000000E+01    0.3621517137E+00
    0.2655000000E+01    0.3628120432E+00
    0.2660000000E+01    0.3634243488E+00
    0.2665000000E+01    0.3642047382E+00
    0.2670000000E+01    0.3648800752E+00
    0.2675000000E+01    0.3652162429E+00
    0.2680000000E+01    0.3657895290E+00
    0.2685000000E+01    0.3663418046E+00
    0.2690000000E+01    0.3669601131E+00
    0.2695000000E+01    0.3675724186E+00
    0.2700000000E+01    0.3680496568E+00
    0.2705000000E+01    0.3685389009E+00
    0.2710000000E+01    0.3691091855E+00
    0.2715000000E+01    0.3697515060E+00
    0.2720000000E+01    0.3702797696E+00
    0.2725000000E+01    0.3710721650E+00
    0.2730000000E+01    0.3716544556E+00
    0.2735000000E+01    0.3723267911E+00
    0.2740000000E+01    0.3730381460E+00
    0.2745000000E+01    0.3735994261E+00
    0.2750000000E+01    0.3742987751E+00
    0.2755000000E+01    0.3749110806E+00
    0.2760000000E+01    0.3756044266E+00
    0.2765000000E+01    0.3761326902E+00
    0.2770000000E+01    0.3767570017E+00
    0.2775000000E+01    0.3773242848E+00
    0.2780000000E+01    0.3779065754E+00
    0.2785000000E+01    0.3784588510E+00
    0.2790000000E+01    0.3791071745E+00
    0.2795000000E+01    0.3796414411E+00
    0.2800000000E+01    0.3804578485E+00
    0.2805000000E+01    0.3810671525E+00
    0.2810000000E+01    0.3816134251E+00
    0.2815000000E+01    0.3822557456E+00
    0.2820000000E+01    0.3828710527E+00
    0.2825000000E+01    0.3833753043E+00
    0.2830000000E+01    0.3840326323E+00
    0.2835000000E+01    0.3848070187E+00
    0.2840000000E+01    0.3855904096E+00
    0.2845000000E+01    0.3862597436E+00
    0.2850000000E+01    0.3868540402E+00
    0.2855000000E+01    0.3875233742E+00
    0.2860000000E+01    0.3881296767E+00
    0.2865000000E+01    0.3888950586E+00
    0.2870000000E+01    0.3894683447E+00
    0.2875000000E+01    0.3902067131E+00
    0.2880000000E+01    0.3907439812E+00
    0.2885000000E+01    0.3914853512E+00
    0.2890000000E+01    0.3920886522E+00
    0.2895000000E+01    0.3927339743E+00
    0.2900000000E+01    0.3935203667E+00
    0.2905000000E+01    0.3941116617E+00
    0.2910000000E+01    0.3948830466E+00
    0.2915000000E+01    0.3957084585E+00
    0.2920000000E+01    0.3964678375E+00
    0.2925000000E+01    0.3971431744E+00
    0.2930000000E+01    0.3977944995E+00
    0.2935000000E+01    0.3985058544E+00
    0.2940000000E+01    0.3992832423E+00
    0.2945000000E+01    0.3999255629E+00
    0.2950000000E+01    0.4005978984E+00
    0.2955000000E+01    0.4013122548E+00
    0.2960000000E+01    0.4018045004E+00
    0.2965000000E+01    0.4024348150E+00
    0.2970000000E+01    0.4031431684E+00
    0.2975000000E+01    0.4038365144E+00
    0.2980000000E+01    0.4044878394E+00
    0.2985000000E+01    0.4050731315E+00
    0.2990000000E+01    0.4057394640E+00
    0.2995000000E+01    0.4062046961E+00
    0.3000000000E+01    0.4069430646E+00
    0.3005000000E+01    0.4075103477E+00
    0.3010000000E+01    0.4080596218E+00
    0.3015000000E+01    0.4085908869E+00
    0.3020000000E+01    0.4091821819E+00
    0.3025000000E+01    0.4099235519E+00
    0.3030000000E+01    0.4106168978E+00
    0.3035000000E+01    0.4111631704E+00
    0.3040000000E+01    0.4118925344E+00
    0.3045000000E+01    0.4125528639E+00
    0.3050000000E+01    0.4132041889E+00
    0.3055000000E+01    0.4139095409E+00
    0.3060000000E+01    0.4145428569E+00
    0.3065000000E+01    0.4152512104E+00
    0.3070000000E+01    0.4157944814E+00
    0.3075000000E+01    0.4162357016E+00
    0.3080000000E+01    0.4168630146E+00
    0.3085000000E+01    0.4175353501E+00
    0.3090000000E+01    0.4181536587E+00
    0.3095000000E+01    0.4186819223E+00
    0.3100000000E+01    0.4193782698E+00
    0.3105000000E+01    0.4199665633E+00
    0.3110000000E+01    0.4205668629E+00
    0.3115000000E+01    0.4213322448E+00
    0.3120000000E+01    0.4218635099E+00
    0.3125000000E+01    0.4225298424E+00
    0.3130000000E+01    0.4230581060E+00
    0.3135000000E+01    0.4236193861E+00
    0.3140000000E+01    0.4241926721E+00
    0.3145000000E+01    0.4248259882E+00
    0.3150000000E+01    0.4251981739E+00
    0.3155000000E+01    0.4257474480E+00
    0.3160000000E+01    0.4262306891E+00
    0.3165000000E+01    0.4267769617E+00
    0.3170000000E+01    0.4275603526E+00
    0.3175000000E+01    0.4280766102E+00
    0.3180000000E+01    0.4287369397E+00
    0.3185000000E+01    0.4294002707E+00
    0.3190000000E+01    0.4299465433E+00
    0.3195000000E+01    0.4306308848E+00
    0.3200000000E+01    0.4311291334E+00
    0.3205000000E+01    0.4315943656E+00
    0.3210000000E+01    0.4320866112E+00
    0.3215000000E+01    0.4325998673E+00
    0.3220000000E+01    0.4334102717E+00
    0.3225000000E+01    0.4340255788E+00
    0.3230000000E+01    0.4344698004E+00
    0.3235000000E+01    0.4350791045E+00
    0.3240000000E+01    0.4356523905E+00
    0.3245000000E+01    0.4361656467E+00
    0.3250000000E+01    0.4365798533E+00
    0.3255000000E+01    0.4371411334E+00
    0.3260000000E+01    0.4376423835E+00
    0.3265000000E+01    0.4383357295E+00
    0.3270000000E+01    0.4389540381E+00
    0.3275000000E+01    0.4395573391E+00
    0.3280000000E+01    0.4402867031E+00
    0.3285000000E+01    0.4409320251E+00
    0.3290000000E+01    0.4415053112E+00
    0.3295000000E+01    0.4421596377E+00
    0.3300000000E+01    0.4425498324E+00
    0.3305000000E+01    0.4433272203E+00
    0.3310000000E+01    0.4439725423E+00
    0.3315000000E+01    0.4445938523E+00
    0.3320000000E+01    0.4451131114E+00
    0.3325000000E+01    0.4460075578E+00
    0.3330000000E+01    0.4464757914E+00
    0.3335000000E+01    0.4470550805E+00
    0.3340000000E+01    0.4476433740E+00
    0.3345000000E+01    0.4481056047E+00
    0.3350000000E+01    0.4487479252E+00
    0.3355000000E+01    0.4493362188E+00
    0.3360000000E+01    0.4500265633E+00
    0.3365000000E+01    0.4507109047E+00
    0.3370000000E+01    0.4514912942E+00
    0.3375000000E+01    0.4522926941E+00
    0.3380000000E+01    0.4528359651E+00
    0.3385000000E+01    0.4534212572E+00
    0.3390000000E+01    0.4539885403E+00
    0.3395000000E+01    0.4546938923E+00
    0.3400000000E+01    0.4553061978E+00
    0.3405000000E+01    0.4558464674E+00
    0.3410000000E+01    0.4565998433E+00
    0.3415000000E+01    0.4570920890E+00
    0.3420000000E+01    0.4576683765E+00
    0.3425000000E+01    0.4582356596E+00
    0.3430000000E+01    0.4587219022E+00
    0.3435000000E+01    0.4591211014E+00
    0.3440000000E+01    0.4596493650E+00
    0.3445000000E+01    0.4603126960E+00
    0.3450000000E+01    0.4607839312E+00
    0.3455000000E+01    0.4614322547E+00
    0.3460000000E+01    0.4620175468E+00
    0.3465000000E+01    0.4625247999E+00
    0.3470000000E+01    0.4631311024E+00
    0.3475000000E+01    0.4637013870E+00
    0.3480000000E+01    0.4644247479E+00
    0.3485000000E+01    0.4648569636E+00
    0.3490000000E+01    0.4655953321E+00
    0.3495000000E+01    0.4660695687E+00
    0.3500000000E+01    0.4667268967E+00
    0.3505000000E+01    0.4672461558E+00
    0.3510000000E+01    0.4676813730E+00
    0.3515000000E+01    0.4686808718E+00
    0.3520000000E+01    0.4693081848E+00
    0.3525000000E+01    0.4699955278E+00
    0.3530000000E+01    0.4705448019E+00
    0.3535000000E+01    0.4711511044E+00
    0.3540000000E+01    0.4717033800E+00
    0.3545000000E+01    0.4724747649E+00
    0.3550000000E+01    0.4731020779E+00
    0.3555000000E+01    0.4736213370E+00
    0.3560000000E+01    0.4742756636E+00
    0.3565000000E+01    0.4747739122E+00
    0.3570000000E+01    0.4752871683E+00
    0.3575000000E+01    0.4758724604E+00
    0.3580000000E+01    0.4765117794E+00
    0.3585000000E+01    0.4770520490E+00
    0.3590000000E+01    0.4777513979E+00
    0.3595000000E+01    0.4784297364E+00
    0.3600000000E+01    0.4789730075E+00
    0.3605000000E+01    0.4794802607E+00
    0.3610000000E+01    0.4799274838E+00
    0.3615000000E+01    0.4804257324E+00
    0.3620000000E+01    0.4809209796E+00
    0.3625000000E+01    0.4813802087E+00
    0.3630000000E+01    0.4818634499E+00
    0.3635000000E+01    0.4824637494E+00
    0.3640000000E+01    0.4832201268E+00
    0.3645000000E+01    0.4837904114E+00
    0.3650000000E+01    0.4843697005E+00
    0.3655000000E+01    0.4850210255E+00
    0.3660000000E+01    0.4858284284E+00
    0.3665000000E+01    0.4868339301E+00
    0.3670000000E+01    0.4872511383E+00
    0.3675000000E+01    0.4878754498E+00
    0.3680000000E+01    0.4883376805E+00
    0.3685000000E+01    0.4889950085E+00
    0.3690000000E+01    0.4896223215E+00
    0.3695000000E+01    0.4900935567E+00
    0.3700000000E+01    0.4906668428E+00
    0.3705000000E+01    0.4913031603E+00
    0.3710000000E+01    0.4919304733E+00
    0.3715000000E+01    0.4926298223E+00
    0.3720000000E+01    0.4931070604E+00
    0.3725000000E+01    0.4938394259E+00
    0.3730000000E+01    0.4945657883E+00
    0.3735000000E+01    0.4950760429E+00
    0.3740000000E+01    0.4958414249E+00
    0.3745000000E+01    0.4965527798E+00
    0.3750000000E+01    0.4971110584E+00
    0.3755000000E+01    0.4977383714E+00
    0.3760000000E+01    0.4983296665E+00
    0.3765000000E+01    0.4990920469E+00
    0.3770000000E+01    0.4995872941E+00
    0.3775000000E+01    0.5002986490E+00
    0.3780000000E+01    0.5007638812E+00
    0.3785000000E+01    0.5012921448E+00
    0.3790000000E+01    0.5019554758E+00
    0.3795000000E+01    0.5026518233E+00
    0.3800000000E+01    0.5030540240E+00
    0.3805000000E+01    0.5035462696E+00
    0.3810000000E+01    0.5040595257E+00
    0.3815000000E+01    0.5047498702E+00
    0.3820000000E+01    0.5052661278E+00
    0.3825000000E+01    0.5058394139E+00
    0.3830000000E+01    0.5065747808E+00
    0.3835000000E+01    0.5072231043E+00
    0.3840000000E+01    0.5078414129E+00
    0.3845000000E+01    0.5084237034E+00
    0.3850000000E+01    0.5090900359E+00
    0.3855000000E+01    0.5096603205E+00
    0.3860000000E+01    0.5102306051E+00
    0.3865000000E+01    0.5109629705E+00
    0.3870000000E+01    0.5116112940E+00
    0.3875000000E+01    0.5122686220E+00
    0.3880000000E+01    0.5129859800E+00
    0.3885000000E+01    0.5136373050E+00
    0.3890000000E+01    0.5144146929E+00
    0.3895000000E+01    0.5151110404E+00
    0.3900000000E+01    0.5156483085E+00
    0.3905000000E+01    0.5162336006E+00
    0.3910000000E+01    0.5168068866E+00
    0.3915000000E+01    0.5173501577E+00
    0.3920000000E+01    0.5180224932E+00
    0.3925000000E+01    0.5185927778E+00
    0.3930000000E+01    0.5190970294E+00
    0.3935000000E+01    0.5196012810E+00
    0.3940000000E+01    0.5201355476E+00
    0.3945000000E+01    0.5207268427E+00
    0.3950000000E+01    0.5212701138E+00
    0.3955000000E+01    0.5219544553E+00
    0.3960000000E+01    0.5225157354E+00
    0.3965000000E+01    0.5230650094E+00
    0.3970000000E+01    0.5235152341E+00
    0.3975000000E+01    0.5240314917E+00
    0.3980000000E+01    0.5246558032E+00
    0.3985000000E+01    0.5252470983E+00
    0.3990000000E+01    0.5256763125E+00
    0.3995000000E+01    0.5262465971E+00
    0.4000000000E+01    0.5268108786E+00
    0.4005000000E+01    0.5273691572E+00
    0.4010000000E+01    0.5278403924E+00
    0.4015000000E+01    0.5282756095E+00
    0.4020000000E+01    0.5289239330E+00
    0.4025000000E+01    0.5296532970E+00
    0.4030000000E+01    0.5302205801E+00
    0.4035000000E+01    0.5307668527E+00
    0.4040000000E+01    0.5314001687E+00
    0.4045000000E+01    0.5319764563E+00
    0.4050000000E+01    0.5327178262E+00
    0.4055000000E+01    0.5334591961E+00
    0.4060000000E+01    0.5340775047E+00
    0.4065000000E+01    0.5344436874E+00
    0.4070000000E+01    0.5351010154E+00
    0.4075000000E+01    0.5357223254E+00
    0.4080000000E+01    0.5362776025E+00
    0.4085000000E+01    0.5370549904E+00
    0.4090000000E+01    0.5377273259E+00
    0.4095000000E+01    0.5382766000E+00
    0.4100000000E+01    0.5388138681E+00
    0.4105000000E+01    0.5394771991E+00
    0.4110000000E+01    0.5401075136E+00
    0.4115000000E+01    0.5406027608E+00
    0.4120000000E+01    0.5410529854E+00
    0.4125000000E+01    0.5418423793E+00
    0.4130000000E+01    0.5422475815E+00
    0.4135000000E+01    0.5429319230E+00
    0.4140000000E+01    0.5435292211E+00
    0.4145000000E+01    0.5442705910E+00
    0.4150000000E+01    0.5448708906E+00
    0.4155000000E+01    0.5454561826E+00
    0.4160000000E+01    0.5461975526E+00
    0.4165000000E+01    0.5466657862E+00
    0.4170000000E+01    0.5473171112E+00
    0.4175000000E+01    0.5478633838E+00
    0.4180000000E+01    0.5482595815E+00
    0.4185000000E+01    0.5487788406E+00
    0.4190000000E+01    0.5492890953E+00
    0.4195000000E+01    0.5498863933E+00
    0.4200000000E+01    0.5506037513E+00
    0.4205000000E+01    0.5513181077E+00
    0.4210000000E+01    0.5518853908E+00
    0.4215000000E+01    0.5526897922E+00
    0.4220000000E+01    0.5532600768E+00
    0.4225000000E+01    0.5540314617E+00
    0.4230000000E+01    0.5547248077E+00
    0.4235000000E+01    0.5554091492E+00
    0.4240000000E+01    0.5559254068E+00
    0.4245000000E+01    0.5564206539E+00
    0.4250000000E+01    0.5570209535E+00
    0.4255000000E+01    0.5576422635E+00
    0.4260000000E+01    0.5583266050E+00
    0.4265000000E+01    0.5590529674E+00
    0.4270000000E+01    0.5595572191E+00
    0.4275000000E+01    0.5601965381E+00
    0.4280000000E+01    0.5606917852E+00
    0.4285000000E+01    0.5613941357E+00
    0.4290000000E+01    0.5620124442E+00
    0.4295000000E+01    0.5625437093E+00
    0.4300000000E+01    0.5631139939E+00
    0.4305000000E+01    0.5635942335E+00
    0.4310000000E+01    0.5640414567E+00
    0.4315000000E+01    0.5644976843E+00
    0.4320000000E+01    0.5650169435E+00
    0.4325000000E+01    0.5654311501E+00
    0.4330000000E+01    0.5659023853E+00
    0.4335000000E+01    0.5667608136E+00
    0.4340000000E+01    0.5673431042E+00
    0.4345000000E+01    0.5678263453E+00
    0.4350000000E+01    0.5684266449E+00
    0.4355000000E+01    0.5690089355E+00
    0.4360000000E+01    0.5694261436E+00
    0.4365000000E+01    0.5700204402E+00
    0.4370000000E+01    0.5705757173E+00
    0.4375000000E+01    0.5711460019E+00
    0.4380000000E+01    0.5718543553E+00
    0.4385000000E+01    0.5723556054E+00
    0.4390000000E+01    0.5729799170E+00
    0.4395000000E+01    0.5734871701E+00
    0.4400000000E+01    0.5740094307E+00
    0.4405000000E+01    0.5747357932E+00
    0.4410000000E+01    0.5752880687E+00
    0.4415000000E+01    0.5760204342E+00
    0.4420000000E+01    0.5766867667E+00
    0.4425000000E+01    0.5773470962E+00
    0.4430000000E+01    0.5778153298E+00
    0.4435000000E+01    0.5784096264E+00
    0.4440000000E+01    0.5791690053E+00
    0.4445000000E+01    0.5798113259E+00
    0.4450000000E+01    0.5805827108E+00
    0.4455000000E+01    0.5810299339E+00
    0.4460000000E+01    0.5815762065E+00
    0.4465000000E+01    0.5821134746E+00
    0.4470000000E+01    0.5827377862E+00
    0.4475000000E+01    0.5831429884E+00
    0.4480000000E+01    0.5835541935E+00
    0.4485000000E+01    0.5842445380E+00
    0.4490000000E+01    0.5847487896E+00
    0.4495000000E+01    0.5853190742E+00
    0.4500000000E+01    0.5860994636E+00
    0.4505000000E+01    0.5865346808E+00
    0.4510000000E+01    0.5868888575E+00
    0.4515000000E+01    0.5875551900E+00
    0.4520000000E+01    0.5880624432E+00
    0.4525000000E+01    0.5886177202E+00
    0.4530000000E+01    0.5892030123E+00
    0.4535000000E+01    0.5897462834E+00
    0.4540000000E+01    0.5903465829E+00
    0.4545000000E+01    0.5908388286E+00
    0.4550000000E+01    0.5914121146E+00
    0.4555000000E+01    0.5919703932E+00
    0.4560000000E+01    0.5926217182E+00
    0.4565000000E+01    0.5932010073E+00
    0.4570000000E+01    0.5935641885E+00
    0.4575000000E+01    0.5941644881E+00
    0.4580000000E+01    0.5947647876E+00
    0.4585000000E+01    0.5950769434E+00
    0.4590000000E+01    0.5958843463E+00
    0.4595000000E+01    0.5965116593E+00
    0.4600000000E+01    0.5970309184E+00
    0.4605000000E+01    0.5976732389E+00
    0.4610000000E+01    0.5982285160E+00
    0.4615000000E+01    0.5989908965E+00
    0.4620000000E+01    0.5994441226E+00
    0.4625000000E+01    0.5999273638E+00
    0.4630000000E+01    0.6006297142E+00
    0.4635000000E+01    0.6013440707E+00
    0.4640000000E+01    0.6018753358E+00
    0.4645000000E+01    0.6024636294E+00
    0.4650000000E+01    0.6030849394E+00
    0.4655000000E+01    0.6036792359E+00
    0.4660000000E+01    0.6042255085E+00
    0.4665000000E+01    0.6046637272E+00
    0.4670000000E+01    0.6051439668E+00
    0.4675000000E+01    0.6058793338E+00
    0.4680000000E+01    0.6066267067E+00
    0.4685000000E+01    0.6072119988E+00
    0.4690000000E+01    0.6078753298E+00
    0.4695000000E+01    0.6084756293E+00
    0.4700000000E+01    0.6088748285E+00
    0.4705000000E+01    0.6093520667E+00
    0.4710000000E+01    0.6099193498E+00
    0.4715000000E+01    0.6104806298E+00
    0.4720000000E+01    0.6111049414E+00
    0.4725000000E+01    0.6117202484E+00
    0.4730000000E+01    0.6123655704E+00
    0.4735000000E+01    0.6131219479E+00
    0.4740000000E+01    0.6138933328E+00
    0.4745000000E+01    0.6143255484E+00
    0.4750000000E+01    0.6148478091E+00
    0.4755000000E+01    0.6154240966E+00
    0.4760000000E+01    0.6162104890E+00
    0.4765000000E+01    0.6169638650E+00
    0.4770000000E+01    0.6176392020E+00
    0.4775000000E+01    0.6181134386E+00
    0.4780000000E+01    0.6187167397E+00
    0.4785000000E+01    0.6193860737E+00
    0.4790000000E+01    0.6201904750E+00
    0.4795000000E+01    0.6206917252E+00
    0.4800000000E+01    0.6212199888E+00
    0.4805000000E+01    0.6217512539E+00
    0.4810000000E+01    0.6224866208E+00
    0.4815000000E+01    0.6231709623E+00
    0.4820000000E+01    0.6235581555E+00
    0.4825000000E+01    0.6240564041E+00
    0.4830000000E+01    0.6246807157E+00
    0.4835000000E+01    0.6252990242E+00
    0.4840000000E+01    0.6258783133E+00
    0.4845000000E+01    0.6264756113E+00
    0.4850000000E+01    0.6270038749E+00
    0.4855000000E+01    0.6275471460E+00
    0.4860000000E+01    0.6282314875E+00
    0.4865000000E+01    0.6289848634E+00
    0.4870000000E+01    0.6296602004E+00
    0.4875000000E+01    0.6303565479E+00
    0.4880000000E+01    0.6308698040E+00
    0.4885000000E+01    0.6314641006E+00
    0.4890000000E+01    0.6320974166E+00
    0.4895000000E+01    0.6328117731E+00
    0.4900000000E+01    0.6333580457E+00
    0.4905000000E+01    0.6339913617E+00
    0.4910000000E+01    0.6345166238E+00
    0.4915000000E+01    0.6351889593E+00
    0.4920000000E+01    0.6359123202E+00
    0.4925000000E+01    0.6365966617E+00
    0.4930000000E+01    0.6372659957E+00
    0.4935000000E+01    0.6378873058E+00
    0.4940000000E+01    0.6385506368E+00
    0.4945000000E+01    0.6391119168E+00
    0.4950000000E+01    0.6395711460E+00
    0.4955000000E+01    0.6400874036E+00
    0.4960000000E+01    0.6407627406E+00
    0.4965000000E+01    0.6415221195E+00
    0.4970000000E+01    0.6420984071E+00
    0.4975000000E+01    0.6427917531E+00
    0.4980000000E+01    0.6434130631E+00
    0.4985000000E+01    0.6440103612E+00
    0.4990000000E+01    0.6446136622E+00
    0.4995000000E+01    0.6450638869E+00
    0.5000000000E+01    0.6458682883E+00
