    497    0.3001497747E-05
    498    0.3001497747E-05
    499    0.1500748874E-04
    500    0.6002995495E-05
    501    0.1200599099E-04
    502    0.3301647522E-04
    503    0.3901947072E-04
    504    0.3601797297E-04
    505    0.4502246621E-04
    506    0.7203594594E-04
    507    0.1170584121E-03
    508    0.1230614076E-03
    509    0.1710853716E-03
    510    0.3001497747E-03
    511    0.2911452815E-03
    512    0.3661827252E-03
    513    0.5192591103E-03
    514    0.5402695945E-03
    515    0.6543265089E-03
    516    0.9484732882E-03
    517    0.9754867679E-03
    518    0.1233615574E-02
    519    0.1512754865E-02
    520    0.1713855214E-02
    521    0.2197096351E-02
    522    0.2332163750E-02
    523    0.2767380923E-02
    524    0.3151572635E-02
    525    0.3400696948E-02
    526    0.3958975529E-02
    527    0.4265128299E-02
    528    0.4958474279E-02
    529    0.5192591103E-02
    530    0.5747868186E-02
    531    0.6195091351E-02
    532    0.6765375923E-02
    533    0.7017501733E-02
    534    0.7839912116E-02
    535    0.8293138276E-02
    536    0.9241611564E-02
    537    0.9796888647E-02
    538    0.1008503243E-01
    539    0.1033415674E-01
    540    0.1148072888E-01
    541    0.1246522014E-01
    542    0.1258227856E-01
    543    0.1323360357E-01
    544    0.1318257811E-01
    545    0.1458427755E-01
    546    0.1487842433E-01
    547    0.1537967446E-01
    548    0.1547272089E-01
    549    0.1596796802E-01
    550    0.1649022862E-01
    551    0.1690143382E-01
    552    0.1693445029E-01
    553    0.1724960755E-01
    554    0.1758277380E-01
    555    0.1785290860E-01
    556    0.1768782623E-01
    557    0.1839317820E-01
    558    0.1832114225E-01
    559    0.1851623960E-01
    560    0.1860628454E-01
    561    0.1806901644E-01
    562    0.1812304340E-01
    563    0.1798797600E-01
    564    0.1786491459E-01
    565    0.1830613476E-01
    566    0.1784090261E-01
    567    0.1735165848E-01
    568    0.1721058808E-01
    569    0.1656826757E-01
    570    0.1685941285E-01
    571    0.1652324510E-01
    572    0.1632814775E-01
    573    0.1597997401E-01
    574    0.1518457710E-01
    575    0.1481539288E-01
    576    0.1475536293E-01
    577    0.1416406787E-01
    578    0.1400198699E-01
    579    0.1347072189E-01
    580    0.1326361855E-01
    581    0.1271434446E-01
    582    0.1235716623E-01
    583    0.1158277981E-01
    584    0.1151674686E-01
    585    0.1083240537E-01
    586    0.1092845330E-01
    587    0.1003100547E-01
    588    0.9826903625E-02
    589    0.9298640021E-02
    590    0.8701341970E-02
    591    0.8692337476E-02
    592    0.8677329988E-02
    593    0.7884934582E-02
    594    0.7245615562E-02
    595    0.6768377420E-02
    596    0.6927456801E-02
    597    0.6603295044E-02
    598    0.6186086857E-02
    599    0.6048017961E-02
    600    0.5603796294E-02
    601    0.5546767837E-02
    602    0.5075532691E-02
    603    0.4868429346E-02
    604    0.4331161249E-02
    605    0.4313152263E-02
    606    0.4208099842E-02
    607    0.4088039932E-02
    608    0.3772882668E-02
    609    0.3664828750E-02
    610    0.3935863996E-01
    611    0.3533963448E-01
    612    0.3290241831E-01
    613    0.3160577128E-01
    614    0.3096345076E-01
    615    0.2805199795E-01
    616    0.2730762651E-01
    617    0.2611303040E-01
    618    0.2439017070E-01
    619    0.2294044728E-01
    620    0.2164980325E-01
    621    0.1991493755E-01
    622    0.1933864999E-01
    623    0.1843219767E-01
    624    0.1746271389E-01
    625    0.1596196502E-01
    626    0.1534065499E-01
    627    0.1450924011E-01
    628    0.1324560956E-01
    629    0.1303250322E-01
    630    0.3927759952E-01
    631    0.3625509129E-01
    632    0.3599996398E-01
    633    0.3371582420E-01
    634    0.3271932694E-01
    635    0.3012002989E-01
    636    0.2801597997E-01
    637    0.2637115921E-01
    638    0.2603799296E-01
    639    0.2315055213E-01
    640    0.2344469890E-01
    641    0.2008602293E-01
    642    0.1992394205E-01
    643    0.1925460805E-01
    644    0.1688042333E-01
    645    0.1652924809E-01
    646    0.1614505638E-01
    647    0.1567081974E-01
    648    0.1431414276E-01
    649    0.1475536293E-01
    650    0.2632013375E-01
    651    0.2321058208E-01
    652    0.2234314923E-01
    653    0.1957576831E-01
    654    0.1974385218E-01
    655    0.1902349272E-01
    656    0.1823109732E-01
    657    0.1710253416E-01
    658    0.1599798299E-01
    659    0.1599198000E-01
    660    0.1576386617E-01
    661    0.1468932998E-01
    662    0.1449423262E-01
    663    0.1285841635E-01
    664    0.1252825160E-01
    665    0.1144170941E-01
    666    0.1134265999E-01
    667    0.1153475584E-01
    668    0.1005801895E-01
    669    0.9676828738E-02
    670    0.8965473771E-02
    671    0.8557270078E-02
    672    0.8431207172E-02
    673    0.8104043918E-02
    674    0.8269126294E-02
    675    0.8317150258E-02
    676    0.7938961542E-02
    677    0.6834410371E-02
    678    0.7452718907E-02
    679    0.6747366936E-02
    680    0.6747366936E-02
    681    0.6561274076E-02
    682    0.6579283062E-02
    683    0.6585286058E-02
    684    0.6234110821E-02
    685    0.6045016463E-02
    686    0.6165076373E-02
    687    0.5672830743E-02
    688    0.5999993997E-02
    689    0.5801895146E-02
    690    0.5429709425E-02
    691    0.5681835236E-02
    692    0.5855922105E-02
    693    0.5591790303E-02
    694    0.5597793299E-02
    695    0.5516752860E-02
    696    0.5498743873E-02
    697    0.5579784312E-02
    698    0.5558773828E-02
    699    0.5417703434E-02
    700    0.5840914616E-02
    701    0.5627808276E-02
    702    0.5519754357E-02
    703    0.5423706430E-02
    704    0.6252119808E-02
    705    0.5279634538E-02
    706    0.5531760348E-02
    707    0.5576782815E-02
    708    0.5561775326E-02
    709    0.5618803783E-02
    710    0.5786887657E-02
    711    0.5084537184E-02
    712    0.5540764842E-02
    713    0.5873931092E-02
    714    0.5732860697E-02
    715    0.5714851711E-02
    716    0.5474731891E-02
    717    0.5030510225E-02
    718    0.5795892150E-02
    719    0.5246618062E-02
    720    0.5528758851E-02
    721    0.5453721407E-02
    722    0.5912950562E-02
    723    0.5279634538E-02
    724    0.5300645022E-02
    710    0.2251123311E-02
    711    0.2077036441E-02
    712    0.2236115822E-02
    713    0.2245120315E-02
    714    0.2050022961E-02
    715    0.2329162252E-02
    716    0.2443219166E-02
    717    0.2047021464E-02
    718    0.2275135293E-02
    719    0.2254124808E-02
    720    0.2323159256E-02
    721    0.2569282072E-02
    722    0.2437216171E-02
    723    0.2434214673E-02
    724    0.2377186216E-02
    725    0.2473234144E-02
    726    0.2641318018E-02
    727    0.2671332995E-02
    728    0.2770382421E-02
    729    0.2560277579E-02
    730    0.2746370439E-02
    731    0.2797395901E-02
    732    0.2878436340E-02
    733    0.3013503738E-02
    734    0.2884439335E-02
    735    0.2920457308E-02
    736    0.2965479774E-02
    737    0.3070532196E-02
    738    0.3181587612E-02
    739    0.3424708930E-02
    740    0.3412702939E-02
    741    0.3298646024E-02
    742    0.3409701441E-02
    743    0.3703848220E-02
    744    0.3763878175E-02
    745    0.3709851216E-02
    746    0.3982987511E-02
    747    0.3757875180E-02
    748    0.3982987511E-02
    749    0.4232111824E-02
    750    0.4256123806E-02
    751    0.4442216666E-02
    752    0.4445218164E-02
    753    0.4307149267E-02
    754    0.4499245123E-02
    755    0.4700345472E-02
    756    0.5000495247E-02
    757    0.4766378423E-02
    758    0.5189589605E-02
    759    0.5093541677E-02
    760    0.4997493749E-02
    761    0.5600794797E-02
    762    0.5492740878E-02
    763    0.5666827747E-02
    764    0.5870929594E-02
    765    0.5855922105E-02
    766    0.6102044920E-02
    767    0.5705847218E-02
    768    0.6204095844E-02
    769    0.6357172229E-02
    770    0.6525256103E-02
    771    0.6762374425E-02
    772    0.6801393896E-02
    773    0.7119552657E-02
    774    0.7185585607E-02
    775    0.7515750359E-02
    776    0.7374679965E-02
    777    0.7905945067E-02
    778    0.7878931587E-02
    779    0.8161072375E-02
    780    0.8260121801E-02
    781    0.8329156249E-02
    782    0.8290136778E-02
    783    0.8341162240E-02
    784    0.8734358445E-02
    785    0.8842412364E-02
    786    0.8830406373E-02
    787    0.9013497735E-02
    788    0.9172577116E-02
    789    0.9331656497E-02
    790    0.9967974019E-02
    791    0.9736858692E-02
    792    0.1003100547E-01
    793    0.1032515225E-01
    794    0.1017207587E-01
    795    0.1009403692E-01
    796    0.9970975517E-02
    797    0.1037917921E-01
    798    0.1067032449E-01
    799    0.1073035445E-01
    800    0.1102750272E-01
    801    0.1071834846E-01
    802    0.1078438141E-01
    803    0.1100349074E-01
    804    0.1092545180E-01
    805    0.1122560158E-01
    806    0.1130964351E-01
    807    0.1131864801E-01
    808    0.1124661206E-01
    809    0.1085941885E-01
    810    0.1097947876E-01
    811    0.1097647726E-01
    812    0.1107852819E-01
    813    0.1121359558E-01
    814    0.1066432150E-01
    815    0.1114155964E-01
    816    0.1130964351E-01
    817    0.1091344581E-01
    818    0.1094346079E-01
    819    0.1066132000E-01
    820    0.1069433647E-01
    821    0.1034616274E-01
    822    0.1060729304E-01
    823    0.9943962037E-02
    824    0.1018708335E-01
    825    0.1005501745E-01
    826    0.9730855697E-02
    827    0.9436708918E-02
    828    0.9502741868E-02
    829    0.9415698434E-02
    830    0.9232607071E-02
    831    0.8767374920E-02
    832    0.8272127792E-02
    833    0.8467225145E-02
    834    0.8290136778E-02
    835    0.8197090348E-02
    836    0.7359672477E-02
    837    0.7338661992E-02
    838    0.6867426846E-02
    839    0.6867426846E-02
    840    0.6432209673E-02
    841    0.6318152758E-02
    842    0.6201094346E-02
    843    0.5828908625E-02
    844    0.5453721407E-02
    845    0.5219604583E-02
    846    0.5123556655E-02
    847    0.5063526700E-02
    848    0.4673331993E-02
    849    0.4196093851E-02
    850    0.4133062398E-02
    851    0.3844918614E-02
    852    0.3415704437E-02
    853    0.3340666993E-02
    854    0.2899446824E-02
    855    0.3082538187E-02
    856    0.2626310529E-02
    857    0.2620307533E-02
    858    0.2275135293E-02
    859    0.2197096351E-02
    860    0.1770883671E-02
    861    0.1881939088E-02
    862    0.1788892657E-02
    863    0.1497747376E-02
    864    0.1203600597E-02
    865    0.9244613062E-03
    866    0.9964972521E-03
    867    0.6153070382E-03
    868    0.5342665990E-03
    869    0.3391692455E-03
    870    0.3571782319E-03
    871    0.2221108333E-03
    872    0.1410703941E-03
    873    0.1140569144E-03
    874    0.9004493242E-04
    875    0.6603295044E-04
    876    0.1200599099E-04
    877    0.6002995495E-05
    878    0.9004493242E-05
    879    0.9004493242E-05
