 497 2.7296788e-06
 498 2.7296788e-06
 499 1.3648394e-05
 500 5.4593576e-06
 501 1.0918715e-05
 502 3.0026467e-05
 503 3.5485824e-05
 504 3.2756145e-05
 505 4.0945182e-05
 506 6.5512291e-05
 507 1.0645747e-04
 508 1.1191683e-04
 509 1.5559169e-04
 510 2.7296788e-04
 511 2.6477884e-04
 512 3.3302081e-04
 513 4.7223443e-04
 514 4.9134218e-04
 515 5.9506998e-04
 516 8.6257850e-04
 517 8.8714561e-04
 518 1.1218980e-03
 519 1.3757581e-03
 520 1.5586466e-03
 521 1.9981249e-03
 522 2.1209604e-03
 523 2.5167638e-03
 524 2.8661627e-03
 525 3.0927261e-03
 526 3.6004463e-03
 527 3.8788736e-03
 528 4.5094294e-03
 529 4.7223443e-03
 530 5.2273349e-03
 531 5.6340570e-03
 532 6.1526960e-03
 533 6.3819890e-03
 534 7.1299210e-03
 535 7.5421025e-03
 536 8.4046810e-03
 537 8.9096716e-03
 538 9.1717207e-03
 539 9.3982841e-03
 540 1.0441021e-02
 541 1.1336356e-02
 542 1.1442813e-02
 543 1.2035154e-02
 544 1.1988749e-02
 545 1.3263509e-02
 546 1.3531018e-02
 547 1.3986874e-02
 548 1.4071494e-02
 549 1.4521891e-02
 550 1.4996855e-02
 551 1.5370821e-02
 552 1.5400848e-02
 553 1.5687464e-02
 554 1.5990458e-02
 555 1.6236129e-02
 556 1.6085997e-02
 557 1.6727472e-02
 558 1.6661959e-02
 559 1.6839388e-02
 560 1.6921279e-02
 561 1.6432666e-02
 562 1.6481801e-02
 563 1.6358965e-02
 564 1.6247048e-02
 565 1.6648311e-02
 566 1.6225211e-02
 567 1.5780273e-02
 568 1.5651978e-02
 569 1.5067827e-02
 570 1.5332606e-02
 571 1.5026882e-02
 572 1.4849453e-02
 573 1.4532810e-02
 574 1.3809445e-02
 575 1.3473695e-02
 576 1.3419101e-02
 577 1.2881354e-02
 578 1.2733952e-02
 579 1.2250798e-02
 580 1.2062451e-02
 581 1.1562919e-02
 582 1.1238088e-02
 583 1.0533830e-02
 584 1.0473778e-02
 585 9.8514108e-03
 586 9.9387605e-03
 587 9.1225865e-03
 588 8.9369684e-03
 589 8.4565449e-03
 590 7.9133388e-03
 591 7.9051498e-03
 592 7.8915014e-03
 593 7.1708662e-03
 594 6.5894446e-03
 595 6.1554257e-03
 596 6.3000986e-03
 597 6.0052933e-03
 598 5.6258680e-03
 599 5.5003028e-03
 600 5.0963103e-03
 601 5.0444464e-03
 602 4.6158868e-03
 603 4.4275390e-03
 604 3.9389265e-03
 605 3.9225484e-03
 606 3.8270097e-03
 607 3.7178225e-03
 608 3.4312062e-03
 609 3.3329378e-03
 610 3.0255372e-03
 611 2.7165923e-03
 612 2.5292411e-03
 613 2.4295665e-03
 614 2.3801907e-03
 615 2.1563846e-03
 616 2.0991639e-03
 617 2.0073342e-03
 618 1.8748963e-03
 619 1.7634547e-03
 620 1.6642416e-03
 621 1.5308808e-03
 622 1.4865810e-03
 623 1.4169011e-03
 624 1.3423759e-03
 625 1.2270119e-03
 626 1.1792511e-03
 627 1.1153395e-03
 628 1.0182030e-03
 629 1.0018212e-03
 630 9.9727005e-04
 631 9.2052768e-04
 632 9.1404984e-04
 633 8.5605489e-04
 634 8.3075352e-04
 635 7.6475659e-04
 636 7.1133413e-04
 637 6.6957164e-04
 638 6.6111245e-04
 639 5.8779946e-04
 640 5.9526793e-04
 641 5.0999014e-04
 642 5.0587487e-04
 643 4.8888027e-04
 644 4.2859901e-04
 645 4.1968257e-04
 646 4.0992783e-04
 647 3.9788681e-04
 648 3.6344037e-04
 649 3.7464309e-04
 650 3.4588439e-04
 651 3.0502041e-04
 652 2.9362110e-04
 653 2.5725373e-04
 654 2.5946260e-04
 655 2.4999604e-04
 656 2.3958283e-04
 657 2.2475188e-04
 658 2.1023649e-04
 659 2.1015760e-04
 660 2.0715986e-04
 661 1.9303891e-04
 662 1.9047506e-04
 663 1.6897808e-04
 664 1.6463923e-04
 665 1.5036051e-04
 666 1.4905885e-04
 667 1.5158327e-04
 668 1.3217683e-04
 669 1.2716744e-04
 670 1.1781921e-04
 671 1.1245483e-04
 672 1.1079819e-04
 673 1.0649879e-04
 674 1.0866821e-04
 675 1.0929931e-04
 676 1.0432937e-04
 677 8.9813977e-05
 678 9.7939439e-05
 679 8.8670101e-05
 680 8.8670101e-05
 681 8.6224573e-05
 682 8.6461237e-05
 683 8.6540125e-05
 684 8.1925178e-05
 685 7.9440206e-05
 686 8.1017966e-05
 687 7.4549151e-05
 688 7.8848546e-05
 689 7.6245242e-05
 690 7.1354187e-05
 691 7.4667482e-05
 692 7.6955234e-05
 693 7.3484162e-05
 694 7.3563051e-05
 695 7.2498063e-05
 696 7.2261399e-05
 697 7.3326386e-05
 698 7.3050279e-05
 699 7.1196411e-05
 700 7.6758014e-05
 701 7.3957491e-05
 702 7.2537506e-05
 703 7.1275299e-05
 704 8.2161842e-05
 705 6.9381987e-05
 706 7.2695283e-05
 707 7.3286943e-05
 708 7.3089723e-05
 709 7.3839159e-05
 710 7.6048022e-05
 711 6.6818128e-05
 712 7.2813615e-05
 713 7.7191898e-05
 714 7.5338031e-05
 715 7.5101367e-05
 716 7.1945847e-05
 717 6.6108135e-05
 718 7.6166354e-05
 719 6.8948103e-05
 720 7.2655839e-05
 721 7.1669739e-05
 722 7.7704670e-05
 723 6.9381987e-05
 724 6.9658096e-05
 710 7.7104828e-05
 711 7.1142054e-05
 712 7.6590796e-05
 713 7.6899215e-05
 714 7.0216797e-05
 715 7.9777795e-05
 716 8.3684440e-05
 717 7.0113990e-05
 718 7.7927280e-05
 719 7.7207634e-05
 720 7.9572183e-05
 721 8.8002310e-05
 722 8.3478827e-05
 723 8.3376021e-05
 724 8.1422698e-05
 725 8.4712504e-05
 726 9.0469665e-05
 727 9.1497729e-05
 728 9.4890345e-05
 729 8.7693891e-05
 730 9.4067894e-05
 731 9.5815599e-05
 732 9.8591370e-05
 733 1.0321767e-04
 734 9.8796985e-05
 735 1.0003067e-04
 736 1.0157276e-04
 737 1.0517099e-04
 738 1.0897483e-04
 739 1.1730215e-04
 740 1.1689092e-04
 741 1.1298428e-04
 742 1.1678811e-04
 743 1.2686314e-04
 744 1.2891927e-04
 745 1.2706876e-04
 746 1.3642415e-04
 747 1.2871366e-04
 748 1.3642415e-04
 749 1.4495707e-04
 750 1.4577953e-04
 751 1.5215353e-04
 752 1.5225633e-04
 753 1.4752724e-04
 754 1.5410685e-04
 755 1.6099488e-04
 756 1.7127553e-04
 757 1.6325662e-04
 758 1.7775233e-04
 759 1.7446253e-04
 760 1.7117272e-04
 761 1.9183681e-04
 762 1.8813578e-04
 763 1.9409855e-04
 764 2.0108939e-04
 765 2.0057536e-04
 766 2.0900549e-04
 767 1.9543504e-04
 768 2.1250090e-04
 769 2.1774403e-04
 770 2.2350119e-04
 771 2.3162290e-04
 772 2.3295938e-04
 773 2.4385687e-04
 774 2.4611861e-04
 775 2.5742732e-04
 776 2.5259542e-04
 777 2.7079216e-04
 778 2.6986690e-04
 779 2.7953070e-04
 780 2.8292331e-04
 781 2.8528786e-04
 782 2.8395138e-04
 783 2.8569909e-04
 784 2.9916674e-04
 785 3.0286776e-04
 786 3.0245654e-04
 787 3.0872773e-04
 788 3.1417647e-04
 789 3.1962521e-04
 790 3.4142018e-04
 791 3.3350408e-04
 792 3.4357911e-04
 793 3.5365415e-04
 794 3.4841101e-04
 795 3.4573805e-04
 796 3.4152299e-04
 797 3.5550466e-04
 798 3.6547688e-04
 799 3.6753301e-04
 800 3.7771085e-04
 801 3.6712179e-04
 802 3.6938353e-04
 803 3.7688840e-04
 804 3.7421543e-04
 805 3.8449608e-04
 806 3.8737466e-04
 807 3.8768308e-04
 808 3.8521572e-04
 809 3.7195369e-04
 810 3.7606595e-04
 811 3.7596314e-04
 812 3.7945856e-04
 813 3.8408485e-04
 814 3.6527128e-04
 815 3.8161749e-04
 816 3.8737466e-04
 817 3.7380420e-04
 818 3.7483227e-04
 819 3.6516846e-04
 820 3.6629933e-04
 821 3.5437379e-04
 822 3.6331795e-04
 823 3.4059773e-04
 824 3.4892505e-04
 825 3.4440156e-04
 826 3.3329847e-04
 827 3.2322344e-04
 828 3.2548518e-04
 829 3.2250379e-04
 830 3.1623260e-04
 831 3.0029760e-04
 832 2.8333454e-04
 833 2.9001696e-04
 834 2.8395138e-04
 835 2.8076438e-04
 836 2.5208138e-04
 837 2.5136174e-04
 838 2.3522113e-04
 839 2.3522113e-04
 840 2.2031419e-04
 841 2.1640755e-04
 842 2.1239810e-04
 843 1.9965010e-04
 844 1.8679929e-04
 845 1.7878040e-04
 846 1.7549059e-04
 847 1.7343446e-04
 848 1.6006962e-04
 849 1.4372340e-04
 850 1.4156447e-04
 851 1.3169505e-04
 852 1.1699373e-04
 853 1.1442356e-04
 854 9.9311018e-05
 855 1.0558221e-04
 856 8.9955633e-05
 857 8.9750020e-05
 858 7.7927280e-05
 859 7.5254312e-05
 860 6.0655798e-05
 861 6.4459636e-05
 862 6.1272637e-05
 863 5.1300412e-05
 864 4.1225382e-05
 865 3.1664382e-05
 866 3.4131737e-05
 867 2.1075320e-05
 868 1.8299546e-05
 869 1.1617128e-05
 870 1.2233966e-05
 871 7.6076763e-06
 872 4.8319026e-06
 873 3.9066446e-06
 874 3.0841931e-06
 875 2.2617416e-06
 876 4.1122575e-07
 877 2.0561287e-07
 878 3.0841931e-07
 879 3.0841931e-07
