    506    0.3157562362E-03
    509    0.1894537417E-02
    510    0.9472687086E-03
    511    0.1263024945E-02
    512    0.4736343543E-02
    513    0.1263024945E-02
    514    0.3473318598E-02
    515    0.3157562362E-03
    516    0.1263024945E-02
    517    0.2526049889E-02
    518    0.1263024945E-02
    519    0.1894537417E-02
    520    0.1578781181E-02
    521    0.9472687086E-03
    522    0.2210293653E-02
    523    0.3157562362E-02
    524    0.6315124724E-02
    525    0.1894537417E-02
    526    0.3789074834E-02
    527    0.4736343543E-02
    528    0.5052099779E-02
    529    0.1073571203E-01
    530    0.5683612251E-02
    531    0.6630880960E-02
    532    0.1168298074E-01
    533    0.1105146827E-01
    534    0.9156930849E-02
    535    0.1231449321E-01
    536    0.1168298074E-01
    537    0.7893905905E-02
    538    0.7893905905E-02
    539    0.1294600568E-01
    540    0.1326176192E-01
    541    0.9788443322E-02
    542    0.1357751816E-01
    543    0.9788443322E-02
    544    0.8209662141E-02
    545    0.1199873698E-01
    546    0.1420903063E-01
    547    0.1705083675E-01
    548    0.1263024945E-01
    549    0.1357751816E-01
    550    0.1768234923E-01
    551    0.1515629934E-01
    552    0.8525418377E-02
    553    0.2083991159E-01
    554    0.1831386170E-01
    555    0.1768234923E-01
    556    0.1231449321E-01
    557    0.1547205557E-01
    558    0.1389327439E-01
    559    0.1484054310E-01
    560    0.1894537417E-01
    561    0.1547205557E-01
    562    0.1357751816E-01
    563    0.1357751816E-01
    564    0.1452478686E-01
    565    0.1326176192E-01
    566    0.1547205557E-01
    567    0.1326176192E-01
    568    0.1357751816E-01
    569    0.1073571203E-01
    570    0.1799810546E-01
    571    0.1799810546E-01
    572    0.1420903063E-01
    573    0.1768234923E-01
    574    0.1073571203E-01
    575    0.1263024945E-01
    576    0.1862961793E-01
    577    0.1389327439E-01
    578    0.1420903063E-01
    579    0.1168298074E-01
    580    0.1484054310E-01
    581    0.1326176192E-01
    582    0.1294600568E-01
    583    0.1136722450E-01
    584    0.1547205557E-01
    585    0.9788443322E-02
    586    0.1010419956E-01
    587    0.9472687086E-02
    588    0.1136722450E-01
    589    0.4736343543E-02
    590    0.1168298074E-01
    591    0.9156930849E-02
    592    0.1073571203E-01
    593    0.5367856015E-02
    594    0.9156930849E-02
    595    0.7262393432E-02
    596    0.7578149668E-02
    597    0.8525418377E-02
    598    0.8841174613E-02
    599    0.8841174613E-02
    600    0.1073571203E-01
    601    0.5683612251E-02
    602    0.8209662141E-02
    603    0.7262393432E-02
    604    0.6315124724E-02
    605    0.6946637196E-02
    606    0.7262393432E-02
    607    0.5683612251E-02
    608    0.6946637196E-02
    609    0.5052099779E-02
    610    0.3915377329E-01
    611    0.4325860436E-01
    612    0.2841806126E-01
    613    0.3504894222E-01
    614    0.2494474266E-01
    615    0.2968108620E-01
    616    0.4420587307E-01
    617    0.3978528576E-01
    618    0.2652352384E-01
    619    0.2336596148E-01
    620    0.3789074834E-01
    621    0.3189137985E-01
    622    0.3094411115E-01
    623    0.3031259867E-01
    624    0.4073255447E-01
    625    0.4199557941E-01
    626    0.2368171771E-01
    627    0.4231133565E-01
    628    0.2873381749E-01
    629    0.3599621093E-01
    630    0.3410167351E-01
    631    0.3378591727E-01
    632    0.2841806126E-01
    633    0.2936532997E-01
    634    0.3062835491E-01
    635    0.5273129144E-01
    636    0.3315440480E-01
    637    0.3662772340E-01
    638    0.2841806126E-01
    639    0.5620461004E-01
    640    0.3883801705E-01
    641    0.2557625513E-01
    642    0.2305020524E-01
    643    0.3410167351E-01
    644    0.5904641617E-01
    645    0.2620776760E-01
    646    0.2305020524E-01
    647    0.4294284812E-01
    648    0.4231133565E-01
    649    0.4294284812E-01
    650    0.1989264288E-01
    651    0.2526049889E-01
    652    0.3473318598E-01
    653    0.2526049889E-01
    654    0.3536469845E-01
    655    0.2557625513E-01
    656    0.1484054310E-01
    657    0.1894537417E-01
    658    0.1926113041E-01
    659    0.1862961793E-01
    660    0.2526049889E-01
    661    0.2526049889E-01
    662    0.2399747395E-01
    663    0.2273444901E-01
    664    0.2241869277E-01
    665    0.2241869277E-01
    666    0.2904957373E-01
    667    0.1862961793E-01
    668    0.1957688664E-01
    669    0.1799810546E-01
    670    0.1705083675E-01
    671    0.1578781181E-01
    672    0.1484054310E-01
    673    0.1041995579E-01
    674    0.1263024945E-01
    675    0.1357751816E-01
    676    0.1231449321E-01
    677    0.8525418377E-02
    678    0.2841806126E-02
    679    0.6315124724E-02
    680    0.5683612251E-02
    681    0.4104831070E-02
    682    0.5367856015E-02
    683    0.5367856015E-02
    684    0.8841174613E-02
    685    0.3789074834E-02
    686    0.8525418377E-02
    687    0.5999368488E-02
    688    0.5683612251E-02
    689    0.6315124724E-02
    690    0.7893905905E-02
    691    0.4104831070E-02
    692    0.3789074834E-02
    693    0.2841806126E-02
    694    0.5683612251E-02
    695    0.4104831070E-02
    696    0.4420587307E-02
    697    0.5052099779E-02
    698    0.3789074834E-02
    699    0.4736343543E-02
    700    0.4736343543E-02
    701    0.3157562362E-02
    702    0.4736343543E-02
    703    0.3157562362E-02
    704    0.5999368488E-02
    705    0.4104831070E-02
    706    0.4420587307E-02
    707    0.5367856015E-02
    708    0.2841806126E-02
    709    0.4104831070E-02
    710    0.3789074834E-02
    711    0.5052099779E-02
    712    0.2210293653E-02
    713    0.2210293653E-02
    714    0.2210293653E-02
    715    0.2526049889E-02
    716    0.2841806126E-02
    717    0.4104831070E-02
    718    0.5052099779E-02
    719    0.3789074834E-02
    720    0.1263024945E-02
    721    0.2841806126E-02
    722    0.5052099779E-02
    723    0.3157562362E-02
    724    0.2210293653E-02
    710    0.6315124724E-02
    711    0.3473318598E-02
    712    0.6315124724E-02
    713    0.2841806126E-02
    714    0.2210293653E-02
    715    0.2526049889E-02
    716    0.4104831070E-02
    717    0.4736343543E-02
    718    0.7578149668E-02
    719    0.5999368488E-02
    720    0.5683612251E-02
    721    0.5683612251E-02
    722    0.6315124724E-02
    723    0.4104831070E-02
    724    0.2841806126E-02
    725    0.7262393432E-02
    726    0.4420587307E-02
    727    0.2841806126E-02
    728    0.3473318598E-02
    729    0.4420587307E-02
    730    0.4420587307E-02
    731    0.5052099779E-02
    732    0.5683612251E-02
    733    0.3789074834E-02
    734    0.3473318598E-02
    735    0.3157562362E-02
    736    0.2841806126E-02
    737    0.4104831070E-02
    738    0.4736343543E-02
    739    0.6315124724E-02
    740    0.6630880960E-02
    741    0.3473318598E-02
    742    0.2210293653E-02
    743    0.5999368488E-02
    744    0.5052099779E-02
    745    0.5052099779E-02
    746    0.2526049889E-02
    747    0.2210293653E-02
    748    0.8525418377E-02
    749    0.3789074834E-02
    750    0.5367856015E-02
    751    0.4736343543E-02
    752    0.5683612251E-02
    753    0.2841806126E-02
    754    0.4420587307E-02
    755    0.5367856015E-02
    756    0.4420587307E-02
    757    0.7262393432E-02
    758    0.5367856015E-02
    759    0.2841806126E-02
    760    0.3157562362E-02
    761    0.3789074834E-02
    762    0.5367856015E-02
    763    0.5052099779E-02
    764    0.4736343543E-02
    765    0.4736343543E-02
    766    0.5367856015E-02
    767    0.5052099779E-02
    768    0.5367856015E-02
    769    0.5999368488E-02
    770    0.4736343543E-02
    771    0.3473318598E-02
    772    0.5052099779E-02
    773    0.5683612251E-02
    774    0.7893905905E-02
    775    0.8525418377E-02
    776    0.7578149668E-02
    777    0.9156930849E-02
    778    0.3789074834E-02
    779    0.5052099779E-02
    780    0.6946637196E-02
    781    0.5052099779E-02
    782    0.6946637196E-02
    783    0.9788443322E-02
    784    0.4420587307E-02
    785    0.8209662141E-02
    786    0.6946637196E-02
    787    0.8525418377E-02
    788    0.7893905905E-02
    789    0.4104831070E-02
    790    0.9156930849E-02
    791    0.9788443322E-02
    792    0.5683612251E-02
    793    0.8209662141E-02
    794    0.7893905905E-02
    795    0.1105146827E-01
    796    0.7262393432E-02
    797    0.7578149668E-02
    798    0.8525418377E-02
    799    0.9472687086E-02
    800    0.9788443322E-02
    801    0.7578149668E-02
    802    0.1136722450E-01
    803    0.8209662141E-02
    804    0.9788443322E-02
    805    0.8841174613E-02
    806    0.1231449321E-01
    807    0.1199873698E-01
    808    0.1136722450E-01
    809    0.7578149668E-02
    810    0.7893905905E-02
    811    0.4420587307E-02
    812    0.1041995579E-01
    813    0.1041995579E-01
    814    0.1041995579E-01
    815    0.9156930849E-02
    816    0.1199873698E-01
    817    0.7262393432E-02
    818    0.7893905905E-02
    819    0.6630880960E-02
    820    0.6946637196E-02
    821    0.9788443322E-02
    822    0.1199873698E-01
    823    0.8209662141E-02
    824    0.1389327439E-01
    825    0.8209662141E-02
    826    0.7893905905E-02
    827    0.7578149668E-02
    828    0.5052099779E-02
    829    0.3157562362E-02
    830    0.6946637196E-02
    831    0.5052099779E-02
    832    0.7893905905E-02
    833    0.5683612251E-02
    834    0.5683612251E-02
    835    0.6946637196E-02
    836    0.2210293653E-02
    837    0.7893905905E-02
    838    0.5052099779E-02
    839    0.4736343543E-02
    840    0.5367856015E-02
    841    0.6630880960E-02
    842    0.5052099779E-02
    843    0.5052099779E-02
    844    0.4736343543E-02
    845    0.5367856015E-02
    846    0.4736343543E-02
    847    0.4104831070E-02
    848    0.3789074834E-02
    849    0.3157562362E-02
    850    0.5367856015E-02
    851    0.5999368488E-02
    852    0.3473318598E-02
    853    0.1263024945E-02
    854    0.5367856015E-02
    855    0.2526049889E-02
    856    0.5999368488E-02
    857    0.5683612251E-02
    858    0.4736343543E-02
    859    0.4104831070E-02
    860    0.5367856015E-02
    861    0.5999368488E-02
    862    0.4736343543E-02
    863    0.3473318598E-02
    864    0.2526049889E-02
    865    0.3473318598E-02
    866    0.2841806126E-02
    867    0.2210293653E-02
    868    0.3157562362E-03
    869    0.1263024945E-02
