 506 1.7651366e-04
 509 1.0590820e-03
 510 5.2954099e-04
 511 7.0605465e-04
 512 2.6477049e-03
 513 7.0605465e-04
 514 1.9416503e-03
 515 1.7651366e-04
 516 7.0605465e-04
 517 1.4121093e-03
 518 7.0605465e-04
 519 1.0590820e-03
 520 8.8256831e-04
 521 5.2954099e-04
 522 1.2355956e-03
 523 1.7651366e-03
 524 3.5302733e-03
 525 1.0590820e-03
 526 2.1181640e-03
 527 2.6477049e-03
 528 2.8242186e-03
 529 6.0014645e-03
 530 3.1772459e-03
 531 3.7067869e-03
 532 6.5310055e-03
 533 6.1779782e-03
 534 5.1188962e-03
 535 6.8840328e-03
 536 6.5310055e-03
 537 4.4128416e-03
 538 4.4128416e-03
 539 7.2370602e-03
 540 7.4135738e-03
 541 5.4719235e-03
 542 7.5900875e-03
 543 5.4719235e-03
 544 4.5893552e-03
 545 6.7075192e-03
 546 7.9431148e-03
 547 9.5317378e-03
 548 7.0605465e-03
 549 7.5900875e-03
 550 9.8847651e-03
 551 8.4726558e-03
 552 4.7658689e-03
 553 1.1649902e-02
 554 1.0237792e-02
 555 9.8847651e-03
 556 6.8840328e-03
 557 8.6491695e-03
 558 7.7666012e-03
 559 8.2961421e-03
 560 1.0590820e-02
 561 8.6491695e-03
 562 7.5900875e-03
 563 7.5900875e-03
 564 8.1196285e-03
 565 7.4135738e-03
 566 8.6491695e-03
 567 7.4135738e-03
 568 7.5900875e-03
 569 6.0014645e-03
 570 1.0061279e-02
 571 1.0061279e-02
 572 7.9431148e-03
 573 9.8847651e-03
 574 6.0014645e-03
 575 7.0605465e-03
 576 1.0414306e-02
 577 7.7666012e-03
 578 7.9431148e-03
 579 6.5310055e-03
 580 8.2961421e-03
 581 7.4135738e-03
 582 7.2370602e-03
 583 6.3544919e-03
 584 8.6491695e-03
 585 5.4719235e-03
 586 5.6484372e-03
 587 5.2954099e-03
 588 6.3544919e-03
 589 2.6477049e-03
 590 6.5310055e-03
 591 5.1188962e-03
 592 6.0014645e-03
 593 3.0007323e-03
 594 5.1188962e-03
 595 4.0598142e-03
 596 4.2363279e-03
 597 4.7658689e-03
 598 4.9423826e-03
 599 4.9423826e-03
 600 6.0014645e-03
 601 3.1772459e-03
 602 4.5893552e-03
 603 4.0598142e-03
 604 3.5302733e-03
 605 3.8833006e-03
 606 4.0598142e-03
 607 3.1772459e-03
 608 3.8833006e-03
 609 2.8242186e-03
 610 4.5733070e-03
 611 5.0527666e-03
 612 3.3193357e-03
 613 4.0938473e-03
 614 2.9136391e-03
 615 3.4668617e-03
 616 5.1634111e-03
 617 4.6470700e-03
 618 3.0980466e-03
 619 2.7292316e-03
 620 4.4257810e-03
 621 3.7250323e-03
 622 3.6143878e-03
 623 3.5406248e-03
 624 4.7577145e-03
 625 4.9052406e-03
 626 2.7661131e-03
 627 4.9421220e-03
 628 3.3562172e-03
 629 4.2044919e-03
 630 4.6041248e-03
 631 4.5614940e-03
 632 3.8367707e-03
 633 3.9646631e-03
 634 4.1351862e-03
 635 7.1193411e-03
 636 4.4762325e-03
 637 4.9451711e-03
 638 3.8367707e-03
 639 7.5882795e-03
 640 5.2435866e-03
 641 3.4530936e-03
 642 3.1120473e-03
 643 4.6041248e-03
 644 7.9719570e-03
 645 3.5383552e-03
 646 3.1120473e-03
 647 5.7977866e-03
 648 5.7125250e-03
 649 5.7977866e-03
 650 4.0360877e-03
 651 5.1251907e-03
 652 7.0471371e-03
 653 5.1251907e-03
 654 7.1752670e-03
 655 5.1892556e-03
 656 3.0110495e-03
 657 3.8438930e-03
 658 3.9079579e-03
 659 3.7798282e-03
 660 5.1251907e-03
 661 5.1251907e-03
 662 4.8689312e-03
 663 4.6126716e-03
 664 4.5486068e-03
 665 4.5486068e-03
 666 5.8939691e-03
 667 3.7798282e-03
 668 3.9720228e-03
 669 3.6516984e-03
 670 3.4595037e-03
 671 3.2032442e-03
 672 3.0110495e-03
 673 2.1141412e-03
 674 2.5625954e-03
 675 2.7547900e-03
 676 2.4985305e-03
 677 1.7297519e-03
 678 5.7658398e-04
 679 1.2812977e-03
 680 1.1531679e-03
 681 8.3284349e-04
 682 1.0891030e-03
 683 1.0891030e-03
 684 1.7938168e-03
 685 7.6877860e-04
 686 1.7297519e-03
 687 1.2172328e-03
 688 1.1531679e-03
 689 1.2812977e-03
 690 1.6016221e-03
 691 8.3284349e-04
 692 7.6877860e-04
 693 5.7658398e-04
 694 1.1531679e-03
 695 8.3284349e-04
 696 8.9690839e-04
 697 1.0250381e-03
 698 7.6877860e-04
 699 9.6097328e-04
 700 9.6097328e-04
 701 6.4064882e-04
 702 9.6097328e-04
 703 6.4064882e-04
 704 1.2172328e-03
 705 8.3284349e-04
 706 8.9690839e-04
 707 1.0891030e-03
 708 5.7658398e-04
 709 8.3284349e-04
 710 7.6877860e-04
 711 1.0250381e-03
 712 4.4845419e-04
 713 4.4845419e-04
 714 4.4845419e-04
 715 5.1251907e-04
 716 5.7658398e-04
 717 8.3284349e-04
 718 1.0250381e-03
 719 7.6877860e-04
 720 2.5625954e-04
 721 5.7658398e-04
 722 1.0250381e-03
 723 6.4064882e-04
 724 4.4845419e-04
 710 7.1373538e-04
 711 3.9255445e-04
 712 7.1373538e-04
 713 3.2118091e-04
 714 2.4980738e-04
 715 2.8549414e-04
 716 4.6392798e-04
 717 5.3530152e-04
 718 8.5648244e-04
 719 6.7804857e-04
 720 6.4236182e-04
 721 6.4236182e-04
 722 7.1373538e-04
 723 4.6392798e-04
 724 3.2118091e-04
 725 8.2079569e-04
 726 4.9961475e-04
 727 3.2118091e-04
 728 3.9255445e-04
 729 4.9961475e-04
 730 4.9961475e-04
 731 5.7098831e-04
 732 6.4236182e-04
 733 4.2824121e-04
 734 3.9255445e-04
 735 3.5686768e-04
 736 3.2118091e-04
 737 4.6392798e-04
 738 5.3530152e-04
 739 7.1373538e-04
 740 7.4942213e-04
 741 3.9255445e-04
 742 2.4980738e-04
 743 6.7804857e-04
 744 5.7098831e-04
 745 5.7098831e-04
 746 2.8549414e-04
 747 2.4980738e-04
 748 9.6354275e-04
 749 4.2824121e-04
 750 6.0667506e-04
 751 5.3530152e-04
 752 6.4236182e-04
 753 3.2118091e-04
 754 4.9961475e-04
 755 6.0667506e-04
 756 4.9961475e-04
 757 8.2079569e-04
 758 6.0667506e-04
 759 3.2118091e-04
 760 3.5686768e-04
 761 4.2824121e-04
 762 6.0667506e-04
 763 5.7098831e-04
 764 5.3530152e-04
 765 5.3530152e-04
 766 6.0667506e-04
 767 5.7098831e-04
 768 6.0667506e-04
 769 6.7804857e-04
 770 5.3530152e-04
 771 3.9255445e-04
 772 5.7098831e-04
 773 6.4236182e-04
 774 8.9216919e-04
 775 9.6354275e-04
 776 8.5648244e-04
 777 1.0349163e-03
 778 4.2824121e-04
 779 5.7098831e-04
 780 7.8510888e-04
 781 5.7098831e-04
 782 7.8510888e-04
 783 1.1062898e-03
 784 4.9961475e-04
 785 9.2785594e-04
 786 7.8510888e-04
 787 9.6354275e-04
 788 8.9216919e-04
 789 4.6392798e-04
 790 1.0349163e-03
 791 1.1062898e-03
 792 6.4236182e-04
 793 9.2785594e-04
 794 8.9216919e-04
 795 1.2490369e-03
 796 8.2079569e-04
 797 8.5648244e-04
 798 9.6354275e-04
 799 1.0706031e-03
 800 1.1062898e-03
 801 8.5648244e-04
 802 1.2847236e-03
 803 9.2785594e-04
 804 1.1062898e-03
 805 9.9922950e-04
 806 1.3917839e-03
 807 1.3560972e-03
 808 1.2847236e-03
 809 8.5648244e-04
 810 8.9216919e-04
 811 4.9961475e-04
 812 1.1776633e-03
 813 1.1776633e-03
 814 1.1776633e-03
 815 1.0349163e-03
 816 1.3560972e-03
 817 8.2079569e-04
 818 8.9216919e-04
 819 7.4942213e-04
 820 7.8510888e-04
 821 1.1062898e-03
 822 1.3560972e-03
 823 9.2785594e-04
 824 1.5702178e-03
 825 9.2785594e-04
 826 8.9216919e-04
 827 8.5648244e-04
 828 5.7098831e-04
 829 3.5686768e-04
 830 7.8510888e-04
 831 5.7098831e-04
 832 8.9216919e-04
 833 6.4236182e-04
 834 6.4236182e-04
 835 7.8510888e-04
 836 2.4980738e-04
 837 8.9216919e-04
 838 5.7098831e-04
 839 5.3530152e-04
 840 6.0667506e-04
 841 7.4942213e-04
 842 5.7098831e-04
 843 5.7098831e-04
 844 5.3530152e-04
 845 6.0667506e-04
 846 5.3530152e-04
 847 4.6392798e-04
 848 4.2824121e-04
 849 3.5686768e-04
 850 6.0667506e-04
 851 6.7804857e-04
 852 3.9255445e-04
 853 1.4274707e-04
 854 6.0667506e-04
 855 2.8549414e-04
 856 6.7804857e-04
 857 6.4236182e-04
 858 5.3530152e-04
 859 4.6392798e-04
 860 6.0667506e-04
 861 6.7804857e-04
 862 5.3530152e-04
 863 3.9255445e-04
 864 2.8549414e-04
 865 3.9255445e-04
 866 3.2118091e-04
 867 2.4980738e-04
 868 3.5686768e-05
 869 1.4274707e-04
